/*--------------------------------*- C++ -*----------------------------------*\
  =========                 |
  \\      /  F ield         | OpenFOAM: The Open Source CFD Toolbox
   \\    /   O peration     | Website:  https://openfoam.org
    \\  /    A nd           | Version:  7
     \\/     M anipulation  |
\*---------------------------------------------------------------------------*/
FoamFile
{
    version     2.0;
    format      ascii;
    class       labelList;
    note        "nPoints:2583  nCells:1600  nFaces:5720  nInternalFaces:3880";
    location    "constant/polyMesh";
    object      neighbour;
}
// * * * * * * * * * * * * * * * * * * * * * * * * * * * * * * * * * * * * * //


3880
(
1
40
80
2
41
81
3
42
82
4
43
83
5
44
84
6
45
85
7
46
86
8
47
87
9
48
88
10
49
89
11
50
90
12
51
91
13
52
92
14
53
93
15
54
94
16
55
95
17
56
96
18
57
97
19
58
98
20
59
99
21
60
100
22
61
101
23
62
102
24
63
103
25
64
104
26
65
105
27
66
106
28
67
107
29
68
108
30
69
109
31
70
110
32
71
111
33
72
112
34
73
113
35
74
114
36
75
115
37
76
116
38
77
117
39
78
118
79
119
41
120
42
121
43
122
44
123
45
124
46
125
47
126
48
127
49
128
50
129
51
130
52
131
53
132
54
133
55
134
56
135
57
136
58
137
59
138
60
139
61
140
62
141
63
142
64
143
65
144
66
145
67
146
68
147
69
148
70
149
71
150
72
151
73
152
74
153
75
154
76
155
77
156
78
157
79
158
159
81
120
160
82
121
161
83
122
162
84
123
163
85
124
164
86
125
165
87
126
166
88
127
167
89
128
168
90
129
169
91
130
170
92
131
171
93
132
172
94
133
173
95
134
174
96
135
175
97
136
176
98
137
177
99
138
178
100
139
179
101
140
180
102
141
181
103
142
182
104
143
183
105
144
184
106
145
185
107
146
186
108
147
187
109
148
188
110
149
189
111
150
190
112
151
191
113
152
192
114
153
193
115
154
194
116
155
195
117
156
196
118
157
197
119
158
198
159
199
121
200
122
201
123
202
124
203
125
204
126
205
127
206
128
207
129
208
130
209
131
210
132
211
133
212
134
213
135
214
136
215
137
216
138
217
139
218
140
219
141
220
142
221
143
222
144
223
145
224
146
225
147
226
148
227
149
228
150
229
151
230
152
231
153
232
154
233
155
234
156
235
157
236
158
237
159
238
239
161
200
240
162
201
241
163
202
242
164
203
243
165
204
244
166
205
245
167
206
246
168
207
247
169
208
248
170
209
249
171
210
250
172
211
251
173
212
252
174
213
253
175
214
254
176
215
255
177
216
256
178
217
257
179
218
258
180
219
259
181
220
260
182
221
261
183
222
262
184
223
263
185
224
264
186
225
265
187
226
266
188
227
267
189
228
268
190
229
269
191
230
270
192
231
271
193
232
272
194
233
273
195
234
274
196
235
275
197
236
276
198
237
277
199
238
278
239
279
201
280
202
281
203
282
204
283
205
284
206
285
207
286
208
287
209
288
210
289
211
290
212
291
213
292
214
293
215
294
216
295
217
296
218
297
219
298
220
299
221
300
222
301
223
302
224
303
225
304
226
305
227
306
228
307
229
308
230
309
231
310
232
311
233
312
234
313
235
314
236
315
237
316
238
317
239
318
319
241
280
320
242
281
321
243
282
322
244
283
323
245
284
324
246
285
325
247
286
326
248
287
327
249
288
328
250
289
329
251
290
330
252
291
331
253
292
332
254
293
333
255
294
334
256
295
335
257
296
336
258
297
337
259
298
338
260
299
339
261
300
340
262
301
341
263
302
342
264
303
343
265
304
344
266
305
345
267
306
346
268
307
347
269
308
348
270
309
349
271
310
350
272
311
351
273
312
352
274
313
353
275
314
354
276
315
355
277
316
356
278
317
357
279
318
358
319
359
281
360
282
361
283
362
284
363
285
364
286
365
287
366
288
367
289
368
290
369
291
370
292
371
293
372
294
373
295
374
296
375
297
376
298
377
299
378
300
379
301
380
302
381
303
382
304
383
305
384
306
385
307
386
308
387
309
388
310
389
311
390
312
391
313
392
314
393
315
394
316
395
317
396
318
397
319
398
399
321
360
400
322
361
401
323
362
402
324
363
403
325
364
404
326
365
405
327
366
406
328
367
407
329
368
408
330
369
409
331
370
410
332
371
411
333
372
412
334
373
413
335
374
414
336
375
415
337
376
416
338
377
417
339
378
418
340
379
419
341
380
420
342
381
421
343
382
422
344
383
423
345
384
424
346
385
425
347
386
426
348
387
427
349
388
428
350
389
429
351
390
430
352
391
431
353
392
432
354
393
433
355
394
434
356
395
435
357
396
436
358
397
437
359
398
438
399
439
361
440
362
441
363
442
364
443
365
444
366
445
367
446
368
447
369
448
370
449
371
450
372
451
373
452
374
453
375
454
376
455
377
456
378
457
379
458
380
459
381
460
382
461
383
462
384
463
385
464
386
465
387
466
388
467
389
468
390
469
391
470
392
471
393
472
394
473
395
474
396
475
397
476
398
477
399
478
479
401
440
480
402
441
481
403
442
482
404
443
483
405
444
484
406
445
485
407
446
486
408
447
487
409
448
488
410
449
489
411
450
490
412
451
491
413
452
492
414
453
493
415
454
494
416
455
495
417
456
496
418
457
497
419
458
498
420
459
499
421
460
500
422
461
501
423
462
502
424
463
503
425
464
504
426
465
505
427
466
506
428
467
507
429
468
508
430
469
509
431
470
510
432
471
511
433
472
512
434
473
513
435
474
514
436
475
515
437
476
516
438
477
517
439
478
518
479
519
441
520
442
521
443
522
444
523
445
524
446
525
447
526
448
527
449
528
450
529
451
530
452
531
453
532
454
533
455
534
456
535
457
536
458
537
459
538
460
539
461
540
462
541
463
542
464
543
465
544
466
545
467
546
468
547
469
548
470
549
471
550
472
551
473
552
474
553
475
554
476
555
477
556
478
557
479
558
559
481
520
560
482
521
561
483
522
562
484
523
563
485
524
564
486
525
565
487
526
566
488
527
567
489
528
568
490
529
569
491
530
570
492
531
571
493
532
572
494
533
573
495
534
574
496
535
575
497
536
576
498
537
577
499
538
578
500
539
579
501
540
580
502
541
581
503
542
582
504
543
583
505
544
584
506
545
585
507
546
586
508
547
587
509
548
588
510
549
589
511
550
590
512
551
591
513
552
592
514
553
593
515
554
594
516
555
595
517
556
596
518
557
597
519
558
598
559
599
521
600
522
601
523
602
524
603
525
604
526
605
527
606
528
607
529
608
530
609
531
610
532
611
533
612
534
613
535
614
536
615
537
616
538
617
539
618
540
619
541
620
542
621
543
622
544
623
545
624
546
625
547
626
548
627
549
628
550
629
551
630
552
631
553
632
554
633
555
634
556
635
557
636
558
637
559
638
639
561
600
640
562
601
641
563
602
642
564
603
643
565
604
644
566
605
645
567
606
646
568
607
647
569
608
648
570
609
649
571
610
650
572
611
651
573
612
652
574
613
653
575
614
654
576
615
655
577
616
656
578
617
657
579
618
658
580
619
659
581
620
660
582
621
661
583
622
662
584
623
663
585
624
664
586
625
665
587
626
666
588
627
667
589
628
668
590
629
669
591
630
670
592
631
671
593
632
672
594
633
673
595
634
674
596
635
675
597
636
676
598
637
677
599
638
678
639
679
601
680
602
681
603
682
604
683
605
684
606
685
607
686
608
687
609
688
610
689
611
690
612
691
613
692
614
693
615
694
616
695
617
696
618
697
619
698
620
699
621
700
622
701
623
702
624
703
625
704
626
705
627
706
628
707
629
708
630
709
631
710
632
711
633
712
634
713
635
714
636
715
637
716
638
717
639
718
719
641
680
720
642
681
721
643
682
722
644
683
723
645
684
724
646
685
725
647
686
726
648
687
727
649
688
728
650
689
729
651
690
730
652
691
731
653
692
732
654
693
733
655
694
734
656
695
735
657
696
736
658
697
737
659
698
738
660
699
739
661
700
740
662
701
741
663
702
742
664
703
743
665
704
744
666
705
745
667
706
746
668
707
747
669
708
748
670
709
749
671
710
750
672
711
751
673
712
752
674
713
753
675
714
754
676
715
755
677
716
756
678
717
757
679
718
758
719
759
681
760
682
761
683
762
684
763
685
764
686
765
687
766
688
767
689
768
690
769
691
770
692
771
693
772
694
773
695
774
696
775
697
776
698
777
699
778
700
779
701
780
702
781
703
782
704
783
705
784
706
785
707
786
708
787
709
788
710
789
711
790
712
791
713
792
714
793
715
794
716
795
717
796
718
797
719
798
799
721
760
800
722
761
801
723
762
802
724
763
803
725
764
804
726
765
805
727
766
806
728
767
807
729
768
808
730
769
809
731
770
810
732
771
811
733
772
812
734
773
813
735
774
814
736
775
815
737
776
816
738
777
817
739
778
818
740
779
819
741
780
820
742
781
821
743
782
822
744
783
823
745
784
824
746
785
825
747
786
826
748
787
827
749
788
828
750
789
829
751
790
830
752
791
831
753
792
832
754
793
833
755
794
834
756
795
835
757
796
836
758
797
837
759
798
838
799
839
761
840
762
841
763
842
764
843
765
844
766
845
767
846
768
847
769
848
770
849
771
850
772
851
773
852
774
853
775
854
776
855
777
856
778
857
779
858
780
859
781
860
782
861
783
862
784
863
785
864
786
865
787
866
788
867
789
868
790
869
791
870
792
871
793
872
794
873
795
874
796
875
797
876
798
877
799
878
879
801
840
880
802
841
881
803
842
882
804
843
883
805
844
884
806
845
885
807
846
886
808
847
887
809
848
888
810
849
889
811
850
890
812
851
891
813
852
892
814
853
893
815
854
894
816
855
895
817
856
896
818
857
897
819
858
898
820
859
899
821
860
900
822
861
901
823
862
902
824
863
903
825
864
904
826
865
905
827
866
906
828
867
907
829
868
908
830
869
909
831
870
910
832
871
911
833
872
912
834
873
913
835
874
914
836
875
915
837
876
916
838
877
917
839
878
918
879
919
841
920
842
921
843
922
844
923
845
924
846
925
847
926
848
927
849
928
850
929
851
930
852
931
853
932
854
933
855
934
856
935
857
936
858
937
859
938
860
939
861
940
862
941
863
942
864
943
865
944
866
945
867
946
868
947
869
948
870
949
871
950
872
951
873
952
874
953
875
954
876
955
877
956
878
957
879
958
959
881
920
960
882
921
961
883
922
962
884
923
963
885
924
964
886
925
965
887
926
966
888
927
967
889
928
968
890
929
969
891
930
970
892
931
971
893
932
972
894
933
973
895
934
974
896
935
975
897
936
976
898
937
977
899
938
978
900
939
979
901
940
980
902
941
981
903
942
982
904
943
983
905
944
984
906
945
985
907
946
986
908
947
987
909
948
988
910
949
989
911
950
990
912
951
991
913
952
992
914
953
993
915
954
994
916
955
995
917
956
996
918
957
997
919
958
998
959
999
921
1000
922
1001
923
1002
924
1003
925
1004
926
1005
927
1006
928
1007
929
1008
930
1009
931
1010
932
1011
933
1012
934
1013
935
1014
936
1015
937
1016
938
1017
939
1018
940
1019
941
1020
942
1021
943
1022
944
1023
945
1024
946
1025
947
1026
948
1027
949
1028
950
1029
951
1030
952
1031
953
1032
954
1033
955
1034
956
1035
957
1036
958
1037
959
1038
1039
961
1000
1040
962
1001
1041
963
1002
1042
964
1003
1043
965
1004
1044
966
1005
1045
967
1006
1046
968
1007
1047
969
1008
1048
970
1009
1049
971
1010
1050
972
1011
1051
973
1012
1052
974
1013
1053
975
1014
1054
976
1015
1055
977
1016
1056
978
1017
1057
979
1018
1058
980
1019
1059
981
1020
1060
982
1021
1061
983
1022
1062
984
1023
1063
985
1024
1064
986
1025
1065
987
1026
1066
988
1027
1067
989
1028
1068
990
1029
1069
991
1030
1070
992
1031
1071
993
1032
1072
994
1033
1073
995
1034
1074
996
1035
1075
997
1036
1076
998
1037
1077
999
1038
1078
1039
1079
1001
1080
1002
1081
1003
1082
1004
1083
1005
1084
1006
1085
1007
1086
1008
1087
1009
1088
1010
1089
1011
1090
1012
1091
1013
1092
1014
1093
1015
1094
1016
1095
1017
1096
1018
1097
1019
1098
1020
1099
1021
1100
1022
1101
1023
1102
1024
1103
1025
1104
1026
1105
1027
1106
1028
1107
1029
1108
1030
1109
1031
1110
1032
1111
1033
1112
1034
1113
1035
1114
1036
1115
1037
1116
1038
1117
1039
1118
1119
1041
1080
1120
1042
1081
1121
1043
1082
1122
1044
1083
1123
1045
1084
1124
1046
1085
1125
1047
1086
1126
1048
1087
1127
1049
1088
1128
1050
1089
1129
1051
1090
1130
1052
1091
1131
1053
1092
1132
1054
1093
1133
1055
1094
1134
1056
1095
1135
1057
1096
1136
1058
1097
1137
1059
1098
1138
1060
1099
1139
1061
1100
1140
1062
1101
1141
1063
1102
1142
1064
1103
1143
1065
1104
1144
1066
1105
1145
1067
1106
1146
1068
1107
1147
1069
1108
1148
1070
1109
1149
1071
1110
1150
1072
1111
1151
1073
1112
1152
1074
1113
1153
1075
1114
1154
1076
1115
1155
1077
1116
1156
1078
1117
1157
1079
1118
1158
1119
1159
1081
1160
1082
1161
1083
1162
1084
1163
1085
1164
1086
1165
1087
1166
1088
1167
1089
1168
1090
1169
1091
1170
1092
1171
1093
1172
1094
1173
1095
1174
1096
1175
1097
1176
1098
1177
1099
1178
1100
1179
1101
1180
1102
1181
1103
1182
1104
1183
1105
1184
1106
1185
1107
1186
1108
1187
1109
1188
1110
1189
1111
1190
1112
1191
1113
1192
1114
1193
1115
1194
1116
1195
1117
1196
1118
1197
1119
1198
1199
1121
1160
1200
1122
1161
1201
1123
1162
1202
1124
1163
1203
1125
1164
1204
1126
1165
1205
1127
1166
1206
1128
1167
1207
1129
1168
1208
1130
1169
1209
1131
1170
1210
1132
1171
1211
1133
1172
1212
1134
1173
1213
1135
1174
1214
1136
1175
1215
1137
1176
1216
1138
1177
1217
1139
1178
1218
1140
1179
1219
1141
1180
1220
1142
1181
1221
1143
1182
1222
1144
1183
1223
1145
1184
1224
1146
1185
1225
1147
1186
1226
1148
1187
1227
1149
1188
1228
1150
1189
1229
1151
1190
1230
1152
1191
1231
1153
1192
1232
1154
1193
1233
1155
1194
1234
1156
1195
1235
1157
1196
1236
1158
1197
1237
1159
1198
1238
1199
1239
1161
1240
1162
1241
1163
1242
1164
1243
1165
1244
1166
1245
1167
1246
1168
1247
1169
1248
1170
1249
1171
1250
1172
1251
1173
1252
1174
1253
1175
1254
1176
1255
1177
1256
1178
1257
1179
1258
1180
1259
1181
1260
1182
1261
1183
1262
1184
1263
1185
1264
1186
1265
1187
1266
1188
1267
1189
1268
1190
1269
1191
1270
1192
1271
1193
1272
1194
1273
1195
1274
1196
1275
1197
1276
1198
1277
1199
1278
1279
1201
1240
1280
1202
1241
1281
1203
1242
1282
1204
1243
1283
1205
1244
1284
1206
1245
1285
1207
1246
1286
1208
1247
1287
1209
1248
1288
1210
1249
1289
1211
1250
1290
1212
1251
1291
1213
1252
1292
1214
1253
1293
1215
1254
1294
1216
1255
1295
1217
1256
1296
1218
1257
1297
1219
1258
1298
1220
1259
1299
1221
1260
1300
1222
1261
1301
1223
1262
1302
1224
1263
1303
1225
1264
1304
1226
1265
1305
1227
1266
1306
1228
1267
1307
1229
1268
1308
1230
1269
1309
1231
1270
1310
1232
1271
1311
1233
1272
1312
1234
1273
1313
1235
1274
1314
1236
1275
1315
1237
1276
1316
1238
1277
1317
1239
1278
1318
1279
1319
1241
1320
1242
1321
1243
1322
1244
1323
1245
1324
1246
1325
1247
1326
1248
1327
1249
1328
1250
1329
1251
1330
1252
1331
1253
1332
1254
1333
1255
1334
1256
1335
1257
1336
1258
1337
1259
1338
1260
1339
1261
1340
1262
1341
1263
1342
1264
1343
1265
1344
1266
1345
1267
1346
1268
1347
1269
1348
1270
1349
1271
1350
1272
1351
1273
1352
1274
1353
1275
1354
1276
1355
1277
1356
1278
1357
1279
1358
1359
1281
1320
1360
1282
1321
1361
1283
1322
1362
1284
1323
1363
1285
1324
1364
1286
1325
1365
1287
1326
1366
1288
1327
1367
1289
1328
1368
1290
1329
1369
1291
1330
1370
1292
1331
1371
1293
1332
1372
1294
1333
1373
1295
1334
1374
1296
1335
1375
1297
1336
1376
1298
1337
1377
1299
1338
1378
1300
1339
1379
1301
1340
1380
1302
1341
1381
1303
1342
1382
1304
1343
1383
1305
1344
1384
1306
1345
1385
1307
1346
1386
1308
1347
1387
1309
1348
1388
1310
1349
1389
1311
1350
1390
1312
1351
1391
1313
1352
1392
1314
1353
1393
1315
1354
1394
1316
1355
1395
1317
1356
1396
1318
1357
1397
1319
1358
1398
1359
1399
1321
1400
1322
1401
1323
1402
1324
1403
1325
1404
1326
1405
1327
1406
1328
1407
1329
1408
1330
1409
1331
1410
1332
1411
1333
1412
1334
1413
1335
1414
1336
1415
1337
1416
1338
1417
1339
1418
1340
1419
1341
1420
1342
1421
1343
1422
1344
1423
1345
1424
1346
1425
1347
1426
1348
1427
1349
1428
1350
1429
1351
1430
1352
1431
1353
1432
1354
1433
1355
1434
1356
1435
1357
1436
1358
1437
1359
1438
1439
1361
1400
1440
1362
1401
1441
1363
1402
1442
1364
1403
1443
1365
1404
1444
1366
1405
1445
1367
1406
1446
1368
1407
1447
1369
1408
1448
1370
1409
1449
1371
1410
1450
1372
1411
1451
1373
1412
1452
1374
1413
1453
1375
1414
1454
1376
1415
1455
1377
1416
1456
1378
1417
1457
1379
1418
1458
1380
1419
1459
1381
1420
1460
1382
1421
1461
1383
1422
1462
1384
1423
1463
1385
1424
1464
1386
1425
1465
1387
1426
1466
1388
1427
1467
1389
1428
1468
1390
1429
1469
1391
1430
1470
1392
1431
1471
1393
1432
1472
1394
1433
1473
1395
1434
1474
1396
1435
1475
1397
1436
1476
1398
1437
1477
1399
1438
1478
1439
1479
1401
1480
1402
1481
1403
1482
1404
1483
1405
1484
1406
1485
1407
1486
1408
1487
1409
1488
1410
1489
1411
1490
1412
1491
1413
1492
1414
1493
1415
1494
1416
1495
1417
1496
1418
1497
1419
1498
1420
1499
1421
1500
1422
1501
1423
1502
1424
1503
1425
1504
1426
1505
1427
1506
1428
1507
1429
1508
1430
1509
1431
1510
1432
1511
1433
1512
1434
1513
1435
1514
1436
1515
1437
1516
1438
1517
1439
1518
1519
1441
1480
1520
1442
1481
1521
1443
1482
1522
1444
1483
1523
1445
1484
1524
1446
1485
1525
1447
1486
1526
1448
1487
1527
1449
1488
1528
1450
1489
1529
1451
1490
1530
1452
1491
1531
1453
1492
1532
1454
1493
1533
1455
1494
1534
1456
1495
1535
1457
1496
1536
1458
1497
1537
1459
1498
1538
1460
1499
1539
1461
1500
1540
1462
1501
1541
1463
1502
1542
1464
1503
1543
1465
1504
1544
1466
1505
1545
1467
1506
1546
1468
1507
1547
1469
1508
1548
1470
1509
1549
1471
1510
1550
1472
1511
1551
1473
1512
1552
1474
1513
1553
1475
1514
1554
1476
1515
1555
1477
1516
1556
1478
1517
1557
1479
1518
1558
1519
1559
1481
1560
1482
1561
1483
1562
1484
1563
1485
1564
1486
1565
1487
1566
1488
1567
1489
1568
1490
1569
1491
1570
1492
1571
1493
1572
1494
1573
1495
1574
1496
1575
1497
1576
1498
1577
1499
1578
1500
1579
1501
1580
1502
1581
1503
1582
1504
1583
1505
1584
1506
1585
1507
1586
1508
1587
1509
1588
1510
1589
1511
1590
1512
1591
1513
1592
1514
1593
1515
1594
1516
1595
1517
1596
1518
1597
1519
1598
1599
1521
1560
1522
1561
1523
1562
1524
1563
1525
1564
1526
1565
1527
1566
1528
1567
1529
1568
1530
1569
1531
1570
1532
1571
1533
1572
1534
1573
1535
1574
1536
1575
1537
1576
1538
1577
1539
1578
1540
1579
1541
1580
1542
1581
1543
1582
1544
1583
1545
1584
1546
1585
1547
1586
1548
1587
1549
1588
1550
1589
1551
1590
1552
1591
1553
1592
1554
1593
1555
1594
1556
1595
1557
1596
1558
1597
1559
1598
1599
1561
1562
1563
1564
1565
1566
1567
1568
1569
1570
1571
1572
1573
1574
1575
1576
1577
1578
1579
1580
1581
1582
1583
1584
1585
1586
1587
1588
1589
1590
1591
1592
1593
1594
1595
1596
1597
1598
1599
)


// ************************************************************************* //
