/*--------------------------------*- C++ -*----------------------------------*\
  =========                 |
  \\      /  F ield         | OpenFOAM: The Open Source CFD Toolbox
   \\    /   O peration     | Website:  https://openfoam.org
    \\  /    A nd           | Version:  7
     \\/     M anipulation  |
\*---------------------------------------------------------------------------*/
FoamFile
{
    version     2.0;
    format      ascii;
    class       vectorField;
    location    "constant/polyMesh";
    object      points;
}
// * * * * * * * * * * * * * * * * * * * * * * * * * * * * * * * * * * * * * //


2583
(
(0 0 0.099753)
(0.099753 0 0)
(0.1 0 0)
(0 0 0.1)
(0 0.1139 0.099753)
(0.099753 0.1139 0)
(0.1 0.1139 0)
(0 0.1139 0.1)
(0.0078265302 0 0.099445495)
(0.015604807 0 0.098524875)
(0.023286875 0 0.096996817)
(0.030825372 0 0.094870741)
(0.03817382 0 0.092159755)
(0.045286914 0 0.088880574)
(0.052120799 0 0.085053414)
(0.058633342 0 0.080701872)
(0.064784391 0 0.075852776)
(0.070536023 0 0.070536023)
(0.075852776 0 0.064784391)
(0.080701872 0 0.058633342)
(0.085053414 0 0.052120799)
(0.088880574 0 0.045286914)
(0.092159755 0 0.03817382)
(0.094870741 0 0.030825372)
(0.096996817 0 0.023286875)
(0.098524875 0 0.015604807)
(0.099445495 0 0.0078265302)
(0.0998765 0 0)
(0.099691733 0 0.0078459096)
(0.098768834 0 0.015643447)
(0.097236992 0 0.023344536)
(0.095105652 0 0.030901699)
(0.092387953 0 0.038268343)
(0.089100652 0 0.04539905)
(0.085264016 0 0.052249856)
(0.080901699 0 0.058778525)
(0.076040597 0 0.064944805)
(0.070710678 0 0.070710678)
(0.064944805 0 0.076040597)
(0.058778525 0 0.080901699)
(0.052249856 0 0.085264016)
(0.04539905 0 0.089100652)
(0.038268343 0 0.092387953)
(0.030901699 0 0.095105652)
(0.023344536 0 0.097236992)
(0.015643447 0 0.098768834)
(0.0078459096 0 0.099691733)
(0 0 0.0998765)
(0.0078265302 0.1139 0.099445495)
(0.015604807 0.1139 0.098524875)
(0.023286875 0.1139 0.096996817)
(0.030825372 0.1139 0.094870741)
(0.03817382 0.1139 0.092159755)
(0.045286914 0.1139 0.088880574)
(0.052120799 0.1139 0.085053414)
(0.058633342 0.1139 0.080701872)
(0.064784391 0.1139 0.075852776)
(0.070536023 0.1139 0.070536023)
(0.075852776 0.1139 0.064784391)
(0.080701872 0.1139 0.058633342)
(0.085053414 0.1139 0.052120799)
(0.088880574 0.1139 0.045286914)
(0.092159755 0.1139 0.03817382)
(0.094870741 0.1139 0.030825372)
(0.096996817 0.1139 0.023286875)
(0.098524875 0.1139 0.015604807)
(0.099445495 0.1139 0.0078265302)
(0.0998765 0.1139 0)
(0.099691733 0.1139 0.0078459096)
(0.098768834 0.1139 0.015643447)
(0.097236992 0.1139 0.023344536)
(0.095105652 0.1139 0.030901699)
(0.092387953 0.1139 0.038268343)
(0.089100652 0.1139 0.04539905)
(0.085264016 0.1139 0.052249856)
(0.080901699 0.1139 0.058778525)
(0.076040597 0.1139 0.064944805)
(0.070710678 0.1139 0.070710678)
(0.064944805 0.1139 0.076040597)
(0.058778525 0.1139 0.080901699)
(0.052249856 0.1139 0.085264016)
(0.04539905 0.1139 0.089100652)
(0.038268343 0.1139 0.092387953)
(0.030901699 0.1139 0.095105652)
(0.023344536 0.1139 0.097236992)
(0.015643447 0.1139 0.098768834)
(0.0078459096 0.1139 0.099691733)
(0 0.1139 0.0998765)
(0 0.0028475 0.099753)
(0 0.005695 0.099753)
(0 0.0085425 0.099753)
(0 0.01139 0.099753)
(0 0.0142375 0.099753)
(0 0.017085 0.099753)
(0 0.0199325 0.099753)
(0 0.02278 0.099753)
(0 0.0256275 0.099753)
(0 0.028475 0.099753)
(0 0.0313225 0.099753)
(0 0.03417 0.099753)
(0 0.0370175 0.099753)
(0 0.039865 0.099753)
(0 0.0427125 0.099753)
(0 0.04556 0.099753)
(0 0.0484075 0.099753)
(0 0.051255 0.099753)
(0 0.0541025 0.099753)
(0 0.05695 0.099753)
(0 0.0597975 0.099753)
(0 0.062645 0.099753)
(0 0.0654925 0.099753)
(0 0.06834 0.099753)
(0 0.0711875 0.099753)
(0 0.074035 0.099753)
(0 0.0768825 0.099753)
(0 0.07973 0.099753)
(0 0.0825775 0.099753)
(0 0.085425 0.099753)
(0 0.0882725 0.099753)
(0 0.09112 0.099753)
(0 0.0939675 0.099753)
(0 0.096815 0.099753)
(0 0.0996625 0.099753)
(0 0.10251 0.099753)
(0 0.1053575 0.099753)
(0 0.108205 0.099753)
(0 0.1110525 0.099753)
(0.099753 0.0028475 0)
(0.099753 0.005695 0)
(0.099753 0.0085425 0)
(0.099753 0.01139 0)
(0.099753 0.0142375 0)
(0.099753 0.017085 0)
(0.099753 0.0199325 0)
(0.099753 0.02278 0)
(0.099753 0.0256275 0)
(0.099753 0.028475 0)
(0.099753 0.0313225 0)
(0.099753 0.03417 0)
(0.099753 0.0370175 0)
(0.099753 0.039865 0)
(0.099753 0.0427125 0)
(0.099753 0.04556 0)
(0.099753 0.0484075 0)
(0.099753 0.051255 0)
(0.099753 0.0541025 0)
(0.099753 0.05695 0)
(0.099753 0.0597975 0)
(0.099753 0.062645 0)
(0.099753 0.0654925 0)
(0.099753 0.06834 0)
(0.099753 0.0711875 0)
(0.099753 0.074035 0)
(0.099753 0.0768825 0)
(0.099753 0.07973 0)
(0.099753 0.0825775 0)
(0.099753 0.085425 0)
(0.099753 0.0882725 0)
(0.099753 0.09112 0)
(0.099753 0.0939675 0)
(0.099753 0.096815 0)
(0.099753 0.0996625 0)
(0.099753 0.10251 0)
(0.099753 0.1053575 0)
(0.099753 0.108205 0)
(0.099753 0.1110525 0)
(0.1 0.0028475 0)
(0.1 0.005695 0)
(0.1 0.0085425 0)
(0.1 0.01139 0)
(0.1 0.0142375 0)
(0.1 0.017085 0)
(0.1 0.0199325 0)
(0.1 0.02278 0)
(0.1 0.0256275 0)
(0.1 0.028475 0)
(0.1 0.0313225 0)
(0.1 0.03417 0)
(0.1 0.0370175 0)
(0.1 0.039865 0)
(0.1 0.0427125 0)
(0.1 0.04556 0)
(0.1 0.0484075 0)
(0.1 0.051255 0)
(0.1 0.0541025 0)
(0.1 0.05695 0)
(0.1 0.0597975 0)
(0.1 0.062645 0)
(0.1 0.0654925 0)
(0.1 0.06834 0)
(0.1 0.0711875 0)
(0.1 0.074035 0)
(0.1 0.0768825 0)
(0.1 0.07973 0)
(0.1 0.0825775 0)
(0.1 0.085425 0)
(0.1 0.0882725 0)
(0.1 0.09112 0)
(0.1 0.0939675 0)
(0.1 0.096815 0)
(0.1 0.0996625 0)
(0.1 0.10251 0)
(0.1 0.1053575 0)
(0.1 0.108205 0)
(0.1 0.1110525 0)
(0 0.0028475 0.1)
(0 0.005695 0.1)
(0 0.0085425 0.1)
(0 0.01139 0.1)
(0 0.0142375 0.1)
(0 0.017085 0.1)
(0 0.0199325 0.1)
(0 0.02278 0.1)
(0 0.0256275 0.1)
(0 0.028475 0.1)
(0 0.0313225 0.1)
(0 0.03417 0.1)
(0 0.0370175 0.1)
(0 0.039865 0.1)
(0 0.0427125 0.1)
(0 0.04556 0.1)
(0 0.0484075 0.1)
(0 0.051255 0.1)
(0 0.0541025 0.1)
(0 0.05695 0.1)
(0 0.0597975 0.1)
(0 0.062645 0.1)
(0 0.0654925 0.1)
(0 0.06834 0.1)
(0 0.0711875 0.1)
(0 0.074035 0.1)
(0 0.0768825 0.1)
(0 0.07973 0.1)
(0 0.0825775 0.1)
(0 0.085425 0.1)
(0 0.0882725 0.1)
(0 0.09112 0.1)
(0 0.0939675 0.1)
(0 0.096815 0.1)
(0 0.0996625 0.1)
(0 0.10251 0.1)
(0 0.1053575 0.1)
(0 0.108205 0.1)
(0 0.1110525 0.1)
(0.0078362199 0 0.099568614)
(0.015624127 0 0.098646855)
(0.023315706 0 0.097116904)
(0.030863536 0 0.094988196)
(0.038221082 0 0.092273854)
(0.045342982 0 0.088990613)
(0.052185328 0 0.085158715)
(0.058705934 0 0.080801786)
(0.064864598 0 0.075946686)
(0.07062335 0 0.07062335)
(0.075946686 0 0.064864598)
(0.080801786 0 0.058705934)
(0.085158715 0 0.052185328)
(0.088990613 0 0.045342982)
(0.092273854 0 0.038221082)
(0.094988196 0 0.030863536)
(0.097116904 0 0.023315706)
(0.098646855 0 0.015624127)
(0.099568614 0 0.0078362199)
(0.0078265302 0.0028475 0.099445495)
(0.0078265302 0.005695 0.099445495)
(0.0078265302 0.0085425 0.099445495)
(0.0078265302 0.01139 0.099445495)
(0.0078265302 0.0142375 0.099445495)
(0.0078265302 0.017085 0.099445495)
(0.0078265302 0.0199325 0.099445495)
(0.0078265302 0.02278 0.099445495)
(0.0078265302 0.0256275 0.099445495)
(0.0078265302 0.028475 0.099445495)
(0.0078265302 0.0313225 0.099445495)
(0.0078265302 0.03417 0.099445495)
(0.0078265302 0.0370175 0.099445495)
(0.0078265302 0.039865 0.099445495)
(0.0078265302 0.0427125 0.099445495)
(0.0078265302 0.04556 0.099445495)
(0.0078265302 0.0484075 0.099445495)
(0.0078265302 0.051255 0.099445495)
(0.0078265302 0.0541025 0.099445495)
(0.0078265302 0.05695 0.099445495)
(0.0078265302 0.0597975 0.099445495)
(0.0078265302 0.062645 0.099445495)
(0.0078265302 0.0654925 0.099445495)
(0.0078265302 0.06834 0.099445495)
(0.0078265302 0.0711875 0.099445495)
(0.0078265302 0.074035 0.099445495)
(0.0078265302 0.0768825 0.099445495)
(0.0078265302 0.07973 0.099445495)
(0.0078265302 0.0825775 0.099445495)
(0.0078265302 0.085425 0.099445495)
(0.0078265302 0.0882725 0.099445495)
(0.0078265302 0.09112 0.099445495)
(0.0078265302 0.0939675 0.099445495)
(0.0078265302 0.096815 0.099445495)
(0.0078265302 0.0996625 0.099445495)
(0.0078265302 0.10251 0.099445495)
(0.0078265302 0.1053575 0.099445495)
(0.0078265302 0.108205 0.099445495)
(0.0078265302 0.1110525 0.099445495)
(0.015604807 0.0028475 0.098524875)
(0.015604807 0.005695 0.098524875)
(0.015604807 0.0085425 0.098524875)
(0.015604807 0.01139 0.098524875)
(0.015604807 0.0142375 0.098524875)
(0.015604807 0.017085 0.098524875)
(0.015604807 0.0199325 0.098524875)
(0.015604807 0.02278 0.098524875)
(0.015604807 0.0256275 0.098524875)
(0.015604807 0.028475 0.098524875)
(0.015604807 0.0313225 0.098524875)
(0.015604807 0.03417 0.098524875)
(0.015604807 0.0370175 0.098524875)
(0.015604807 0.039865 0.098524875)
(0.015604807 0.0427125 0.098524875)
(0.015604807 0.04556 0.098524875)
(0.015604807 0.0484075 0.098524875)
(0.015604807 0.051255 0.098524875)
(0.015604807 0.0541025 0.098524875)
(0.015604807 0.05695 0.098524875)
(0.015604807 0.0597975 0.098524875)
(0.015604807 0.062645 0.098524875)
(0.015604807 0.0654925 0.098524875)
(0.015604807 0.06834 0.098524875)
(0.015604807 0.0711875 0.098524875)
(0.015604807 0.074035 0.098524875)
(0.015604807 0.0768825 0.098524875)
(0.015604807 0.07973 0.098524875)
(0.015604807 0.0825775 0.098524875)
(0.015604807 0.085425 0.098524875)
(0.015604807 0.0882725 0.098524875)
(0.015604807 0.09112 0.098524875)
(0.015604807 0.0939675 0.098524875)
(0.015604807 0.096815 0.098524875)
(0.015604807 0.0996625 0.098524875)
(0.015604807 0.10251 0.098524875)
(0.015604807 0.1053575 0.098524875)
(0.015604807 0.108205 0.098524875)
(0.015604807 0.1110525 0.098524875)
(0.023286875 0.0028475 0.096996817)
(0.023286875 0.005695 0.096996817)
(0.023286875 0.0085425 0.096996817)
(0.023286875 0.01139 0.096996817)
(0.023286875 0.0142375 0.096996817)
(0.023286875 0.017085 0.096996817)
(0.023286875 0.0199325 0.096996817)
(0.023286875 0.02278 0.096996817)
(0.023286875 0.0256275 0.096996817)
(0.023286875 0.028475 0.096996817)
(0.023286875 0.0313225 0.096996817)
(0.023286875 0.03417 0.096996817)
(0.023286875 0.0370175 0.096996817)
(0.023286875 0.039865 0.096996817)
(0.023286875 0.0427125 0.096996817)
(0.023286875 0.04556 0.096996817)
(0.023286875 0.0484075 0.096996817)
(0.023286875 0.051255 0.096996817)
(0.023286875 0.0541025 0.096996817)
(0.023286875 0.05695 0.096996817)
(0.023286875 0.0597975 0.096996817)
(0.023286875 0.062645 0.096996817)
(0.023286875 0.0654925 0.096996817)
(0.023286875 0.06834 0.096996817)
(0.023286875 0.0711875 0.096996817)
(0.023286875 0.074035 0.096996817)
(0.023286875 0.0768825 0.096996817)
(0.023286875 0.07973 0.096996817)
(0.023286875 0.0825775 0.096996817)
(0.023286875 0.085425 0.096996817)
(0.023286875 0.0882725 0.096996817)
(0.023286875 0.09112 0.096996817)
(0.023286875 0.0939675 0.096996817)
(0.023286875 0.096815 0.096996817)
(0.023286875 0.0996625 0.096996817)
(0.023286875 0.10251 0.096996817)
(0.023286875 0.1053575 0.096996817)
(0.023286875 0.108205 0.096996817)
(0.023286875 0.1110525 0.096996817)
(0.030825372 0.0028475 0.094870741)
(0.030825372 0.005695 0.094870741)
(0.030825372 0.0085425 0.094870741)
(0.030825372 0.01139 0.094870741)
(0.030825372 0.0142375 0.094870741)
(0.030825372 0.017085 0.094870741)
(0.030825372 0.0199325 0.094870741)
(0.030825372 0.02278 0.094870741)
(0.030825372 0.0256275 0.094870741)
(0.030825372 0.028475 0.094870741)
(0.030825372 0.0313225 0.094870741)
(0.030825372 0.03417 0.094870741)
(0.030825372 0.0370175 0.094870741)
(0.030825372 0.039865 0.094870741)
(0.030825372 0.0427125 0.094870741)
(0.030825372 0.04556 0.094870741)
(0.030825372 0.0484075 0.094870741)
(0.030825372 0.051255 0.094870741)
(0.030825372 0.0541025 0.094870741)
(0.030825372 0.05695 0.094870741)
(0.030825372 0.0597975 0.094870741)
(0.030825372 0.062645 0.094870741)
(0.030825372 0.0654925 0.094870741)
(0.030825372 0.06834 0.094870741)
(0.030825372 0.0711875 0.094870741)
(0.030825372 0.074035 0.094870741)
(0.030825372 0.0768825 0.094870741)
(0.030825372 0.07973 0.094870741)
(0.030825372 0.0825775 0.094870741)
(0.030825372 0.085425 0.094870741)
(0.030825372 0.0882725 0.094870741)
(0.030825372 0.09112 0.094870741)
(0.030825372 0.0939675 0.094870741)
(0.030825372 0.096815 0.094870741)
(0.030825372 0.0996625 0.094870741)
(0.030825372 0.10251 0.094870741)
(0.030825372 0.1053575 0.094870741)
(0.030825372 0.108205 0.094870741)
(0.030825372 0.1110525 0.094870741)
(0.03817382 0.0028475 0.092159755)
(0.03817382 0.005695 0.092159755)
(0.03817382 0.0085425 0.092159755)
(0.03817382 0.01139 0.092159755)
(0.03817382 0.0142375 0.092159755)
(0.03817382 0.017085 0.092159755)
(0.03817382 0.0199325 0.092159755)
(0.03817382 0.02278 0.092159755)
(0.03817382 0.0256275 0.092159755)
(0.03817382 0.028475 0.092159755)
(0.03817382 0.0313225 0.092159755)
(0.03817382 0.03417 0.092159755)
(0.03817382 0.0370175 0.092159755)
(0.03817382 0.039865 0.092159755)
(0.03817382 0.0427125 0.092159755)
(0.03817382 0.04556 0.092159755)
(0.03817382 0.0484075 0.092159755)
(0.03817382 0.051255 0.092159755)
(0.03817382 0.0541025 0.092159755)
(0.03817382 0.05695 0.092159755)
(0.03817382 0.0597975 0.092159755)
(0.03817382 0.062645 0.092159755)
(0.03817382 0.0654925 0.092159755)
(0.03817382 0.06834 0.092159755)
(0.03817382 0.0711875 0.092159755)
(0.03817382 0.074035 0.092159755)
(0.03817382 0.0768825 0.092159755)
(0.03817382 0.07973 0.092159755)
(0.03817382 0.0825775 0.092159755)
(0.03817382 0.085425 0.092159755)
(0.03817382 0.0882725 0.092159755)
(0.03817382 0.09112 0.092159755)
(0.03817382 0.0939675 0.092159755)
(0.03817382 0.096815 0.092159755)
(0.03817382 0.0996625 0.092159755)
(0.03817382 0.10251 0.092159755)
(0.03817382 0.1053575 0.092159755)
(0.03817382 0.108205 0.092159755)
(0.03817382 0.1110525 0.092159755)
(0.045286914 0.0028475 0.088880574)
(0.045286914 0.005695 0.088880574)
(0.045286914 0.0085425 0.088880574)
(0.045286914 0.01139 0.088880574)
(0.045286914 0.0142375 0.088880574)
(0.045286914 0.017085 0.088880574)
(0.045286914 0.0199325 0.088880574)
(0.045286914 0.02278 0.088880574)
(0.045286914 0.0256275 0.088880574)
(0.045286914 0.028475 0.088880574)
(0.045286914 0.0313225 0.088880574)
(0.045286914 0.03417 0.088880574)
(0.045286914 0.0370175 0.088880574)
(0.045286914 0.039865 0.088880574)
(0.045286914 0.0427125 0.088880574)
(0.045286914 0.04556 0.088880574)
(0.045286914 0.0484075 0.088880574)
(0.045286914 0.051255 0.088880574)
(0.045286914 0.0541025 0.088880574)
(0.045286914 0.05695 0.088880574)
(0.045286914 0.0597975 0.088880574)
(0.045286914 0.062645 0.088880574)
(0.045286914 0.0654925 0.088880574)
(0.045286914 0.06834 0.088880574)
(0.045286914 0.0711875 0.088880574)
(0.045286914 0.074035 0.088880574)
(0.045286914 0.0768825 0.088880574)
(0.045286914 0.07973 0.088880574)
(0.045286914 0.0825775 0.088880574)
(0.045286914 0.085425 0.088880574)
(0.045286914 0.0882725 0.088880574)
(0.045286914 0.09112 0.088880574)
(0.045286914 0.0939675 0.088880574)
(0.045286914 0.096815 0.088880574)
(0.045286914 0.0996625 0.088880574)
(0.045286914 0.10251 0.088880574)
(0.045286914 0.1053575 0.088880574)
(0.045286914 0.108205 0.088880574)
(0.045286914 0.1110525 0.088880574)
(0.052120799 0.0028475 0.085053414)
(0.052120799 0.005695 0.085053414)
(0.052120799 0.0085425 0.085053414)
(0.052120799 0.01139 0.085053414)
(0.052120799 0.0142375 0.085053414)
(0.052120799 0.017085 0.085053414)
(0.052120799 0.0199325 0.085053414)
(0.052120799 0.02278 0.085053414)
(0.052120799 0.0256275 0.085053414)
(0.052120799 0.028475 0.085053414)
(0.052120799 0.0313225 0.085053414)
(0.052120799 0.03417 0.085053414)
(0.052120799 0.0370175 0.085053414)
(0.052120799 0.039865 0.085053414)
(0.052120799 0.0427125 0.085053414)
(0.052120799 0.04556 0.085053414)
(0.052120799 0.0484075 0.085053414)
(0.052120799 0.051255 0.085053414)
(0.052120799 0.0541025 0.085053414)
(0.052120799 0.05695 0.085053414)
(0.052120799 0.0597975 0.085053414)
(0.052120799 0.062645 0.085053414)
(0.052120799 0.0654925 0.085053414)
(0.052120799 0.06834 0.085053414)
(0.052120799 0.0711875 0.085053414)
(0.052120799 0.074035 0.085053414)
(0.052120799 0.0768825 0.085053414)
(0.052120799 0.07973 0.085053414)
(0.052120799 0.0825775 0.085053414)
(0.052120799 0.085425 0.085053414)
(0.052120799 0.0882725 0.085053414)
(0.052120799 0.09112 0.085053414)
(0.052120799 0.0939675 0.085053414)
(0.052120799 0.096815 0.085053414)
(0.052120799 0.0996625 0.085053414)
(0.052120799 0.10251 0.085053414)
(0.052120799 0.1053575 0.085053414)
(0.052120799 0.108205 0.085053414)
(0.052120799 0.1110525 0.085053414)
(0.058633342 0.0028475 0.080701872)
(0.058633342 0.005695 0.080701872)
(0.058633342 0.0085425 0.080701872)
(0.058633342 0.01139 0.080701872)
(0.058633342 0.0142375 0.080701872)
(0.058633342 0.017085 0.080701872)
(0.058633342 0.0199325 0.080701872)
(0.058633342 0.02278 0.080701872)
(0.058633342 0.0256275 0.080701872)
(0.058633342 0.028475 0.080701872)
(0.058633342 0.0313225 0.080701872)
(0.058633342 0.03417 0.080701872)
(0.058633342 0.0370175 0.080701872)
(0.058633342 0.039865 0.080701872)
(0.058633342 0.0427125 0.080701872)
(0.058633342 0.04556 0.080701872)
(0.058633342 0.0484075 0.080701872)
(0.058633342 0.051255 0.080701872)
(0.058633342 0.0541025 0.080701872)
(0.058633342 0.05695 0.080701872)
(0.058633342 0.0597975 0.080701872)
(0.058633342 0.062645 0.080701872)
(0.058633342 0.0654925 0.080701872)
(0.058633342 0.06834 0.080701872)
(0.058633342 0.0711875 0.080701872)
(0.058633342 0.074035 0.080701872)
(0.058633342 0.0768825 0.080701872)
(0.058633342 0.07973 0.080701872)
(0.058633342 0.0825775 0.080701872)
(0.058633342 0.085425 0.080701872)
(0.058633342 0.0882725 0.080701872)
(0.058633342 0.09112 0.080701872)
(0.058633342 0.0939675 0.080701872)
(0.058633342 0.096815 0.080701872)
(0.058633342 0.0996625 0.080701872)
(0.058633342 0.10251 0.080701872)
(0.058633342 0.1053575 0.080701872)
(0.058633342 0.108205 0.080701872)
(0.058633342 0.1110525 0.080701872)
(0.064784391 0.0028475 0.075852776)
(0.064784391 0.005695 0.075852776)
(0.064784391 0.0085425 0.075852776)
(0.064784391 0.01139 0.075852776)
(0.064784391 0.0142375 0.075852776)
(0.064784391 0.017085 0.075852776)
(0.064784391 0.0199325 0.075852776)
(0.064784391 0.02278 0.075852776)
(0.064784391 0.0256275 0.075852776)
(0.064784391 0.028475 0.075852776)
(0.064784391 0.0313225 0.075852776)
(0.064784391 0.03417 0.075852776)
(0.064784391 0.0370175 0.075852776)
(0.064784391 0.039865 0.075852776)
(0.064784391 0.0427125 0.075852776)
(0.064784391 0.04556 0.075852776)
(0.064784391 0.0484075 0.075852776)
(0.064784391 0.051255 0.075852776)
(0.064784391 0.0541025 0.075852776)
(0.064784391 0.05695 0.075852776)
(0.064784391 0.0597975 0.075852776)
(0.064784391 0.062645 0.075852776)
(0.064784391 0.0654925 0.075852776)
(0.064784391 0.06834 0.075852776)
(0.064784391 0.0711875 0.075852776)
(0.064784391 0.074035 0.075852776)
(0.064784391 0.0768825 0.075852776)
(0.064784391 0.07973 0.075852776)
(0.064784391 0.0825775 0.075852776)
(0.064784391 0.085425 0.075852776)
(0.064784391 0.0882725 0.075852776)
(0.064784391 0.09112 0.075852776)
(0.064784391 0.0939675 0.075852776)
(0.064784391 0.096815 0.075852776)
(0.064784391 0.0996625 0.075852776)
(0.064784391 0.10251 0.075852776)
(0.064784391 0.1053575 0.075852776)
(0.064784391 0.108205 0.075852776)
(0.064784391 0.1110525 0.075852776)
(0.070536023 0.0028475 0.070536023)
(0.070536023 0.005695 0.070536023)
(0.070536023 0.0085425 0.070536023)
(0.070536023 0.01139 0.070536023)
(0.070536023 0.0142375 0.070536023)
(0.070536023 0.017085 0.070536023)
(0.070536023 0.0199325 0.070536023)
(0.070536023 0.02278 0.070536023)
(0.070536023 0.0256275 0.070536023)
(0.070536023 0.028475 0.070536023)
(0.070536023 0.0313225 0.070536023)
(0.070536023 0.03417 0.070536023)
(0.070536023 0.0370175 0.070536023)
(0.070536023 0.039865 0.070536023)
(0.070536023 0.0427125 0.070536023)
(0.070536023 0.04556 0.070536023)
(0.070536023 0.0484075 0.070536023)
(0.070536023 0.051255 0.070536023)
(0.070536023 0.0541025 0.070536023)
(0.070536023 0.05695 0.070536023)
(0.070536023 0.0597975 0.070536023)
(0.070536023 0.062645 0.070536023)
(0.070536023 0.0654925 0.070536023)
(0.070536023 0.06834 0.070536023)
(0.070536023 0.0711875 0.070536023)
(0.070536023 0.074035 0.070536023)
(0.070536023 0.0768825 0.070536023)
(0.070536023 0.07973 0.070536023)
(0.070536023 0.0825775 0.070536023)
(0.070536023 0.085425 0.070536023)
(0.070536023 0.0882725 0.070536023)
(0.070536023 0.09112 0.070536023)
(0.070536023 0.0939675 0.070536023)
(0.070536023 0.096815 0.070536023)
(0.070536023 0.0996625 0.070536023)
(0.070536023 0.10251 0.070536023)
(0.070536023 0.1053575 0.070536023)
(0.070536023 0.108205 0.070536023)
(0.070536023 0.1110525 0.070536023)
(0.075852776 0.0028475 0.064784391)
(0.075852776 0.005695 0.064784391)
(0.075852776 0.0085425 0.064784391)
(0.075852776 0.01139 0.064784391)
(0.075852776 0.0142375 0.064784391)
(0.075852776 0.017085 0.064784391)
(0.075852776 0.0199325 0.064784391)
(0.075852776 0.02278 0.064784391)
(0.075852776 0.0256275 0.064784391)
(0.075852776 0.028475 0.064784391)
(0.075852776 0.0313225 0.064784391)
(0.075852776 0.03417 0.064784391)
(0.075852776 0.0370175 0.064784391)
(0.075852776 0.039865 0.064784391)
(0.075852776 0.0427125 0.064784391)
(0.075852776 0.04556 0.064784391)
(0.075852776 0.0484075 0.064784391)
(0.075852776 0.051255 0.064784391)
(0.075852776 0.0541025 0.064784391)
(0.075852776 0.05695 0.064784391)
(0.075852776 0.0597975 0.064784391)
(0.075852776 0.062645 0.064784391)
(0.075852776 0.0654925 0.064784391)
(0.075852776 0.06834 0.064784391)
(0.075852776 0.0711875 0.064784391)
(0.075852776 0.074035 0.064784391)
(0.075852776 0.0768825 0.064784391)
(0.075852776 0.07973 0.064784391)
(0.075852776 0.0825775 0.064784391)
(0.075852776 0.085425 0.064784391)
(0.075852776 0.0882725 0.064784391)
(0.075852776 0.09112 0.064784391)
(0.075852776 0.0939675 0.064784391)
(0.075852776 0.096815 0.064784391)
(0.075852776 0.0996625 0.064784391)
(0.075852776 0.10251 0.064784391)
(0.075852776 0.1053575 0.064784391)
(0.075852776 0.108205 0.064784391)
(0.075852776 0.1110525 0.064784391)
(0.080701872 0.0028475 0.058633342)
(0.080701872 0.005695 0.058633342)
(0.080701872 0.0085425 0.058633342)
(0.080701872 0.01139 0.058633342)
(0.080701872 0.0142375 0.058633342)
(0.080701872 0.017085 0.058633342)
(0.080701872 0.0199325 0.058633342)
(0.080701872 0.02278 0.058633342)
(0.080701872 0.0256275 0.058633342)
(0.080701872 0.028475 0.058633342)
(0.080701872 0.0313225 0.058633342)
(0.080701872 0.03417 0.058633342)
(0.080701872 0.0370175 0.058633342)
(0.080701872 0.039865 0.058633342)
(0.080701872 0.0427125 0.058633342)
(0.080701872 0.04556 0.058633342)
(0.080701872 0.0484075 0.058633342)
(0.080701872 0.051255 0.058633342)
(0.080701872 0.0541025 0.058633342)
(0.080701872 0.05695 0.058633342)
(0.080701872 0.0597975 0.058633342)
(0.080701872 0.062645 0.058633342)
(0.080701872 0.0654925 0.058633342)
(0.080701872 0.06834 0.058633342)
(0.080701872 0.0711875 0.058633342)
(0.080701872 0.074035 0.058633342)
(0.080701872 0.0768825 0.058633342)
(0.080701872 0.07973 0.058633342)
(0.080701872 0.0825775 0.058633342)
(0.080701872 0.085425 0.058633342)
(0.080701872 0.0882725 0.058633342)
(0.080701872 0.09112 0.058633342)
(0.080701872 0.0939675 0.058633342)
(0.080701872 0.096815 0.058633342)
(0.080701872 0.0996625 0.058633342)
(0.080701872 0.10251 0.058633342)
(0.080701872 0.1053575 0.058633342)
(0.080701872 0.108205 0.058633342)
(0.080701872 0.1110525 0.058633342)
(0.085053414 0.0028475 0.052120799)
(0.085053414 0.005695 0.052120799)
(0.085053414 0.0085425 0.052120799)
(0.085053414 0.01139 0.052120799)
(0.085053414 0.0142375 0.052120799)
(0.085053414 0.017085 0.052120799)
(0.085053414 0.0199325 0.052120799)
(0.085053414 0.02278 0.052120799)
(0.085053414 0.0256275 0.052120799)
(0.085053414 0.028475 0.052120799)
(0.085053414 0.0313225 0.052120799)
(0.085053414 0.03417 0.052120799)
(0.085053414 0.0370175 0.052120799)
(0.085053414 0.039865 0.052120799)
(0.085053414 0.0427125 0.052120799)
(0.085053414 0.04556 0.052120799)
(0.085053414 0.0484075 0.052120799)
(0.085053414 0.051255 0.052120799)
(0.085053414 0.0541025 0.052120799)
(0.085053414 0.05695 0.052120799)
(0.085053414 0.0597975 0.052120799)
(0.085053414 0.062645 0.052120799)
(0.085053414 0.0654925 0.052120799)
(0.085053414 0.06834 0.052120799)
(0.085053414 0.0711875 0.052120799)
(0.085053414 0.074035 0.052120799)
(0.085053414 0.0768825 0.052120799)
(0.085053414 0.07973 0.052120799)
(0.085053414 0.0825775 0.052120799)
(0.085053414 0.085425 0.052120799)
(0.085053414 0.0882725 0.052120799)
(0.085053414 0.09112 0.052120799)
(0.085053414 0.0939675 0.052120799)
(0.085053414 0.096815 0.052120799)
(0.085053414 0.0996625 0.052120799)
(0.085053414 0.10251 0.052120799)
(0.085053414 0.1053575 0.052120799)
(0.085053414 0.108205 0.052120799)
(0.085053414 0.1110525 0.052120799)
(0.088880574 0.0028475 0.045286914)
(0.088880574 0.005695 0.045286914)
(0.088880574 0.0085425 0.045286914)
(0.088880574 0.01139 0.045286914)
(0.088880574 0.0142375 0.045286914)
(0.088880574 0.017085 0.045286914)
(0.088880574 0.0199325 0.045286914)
(0.088880574 0.02278 0.045286914)
(0.088880574 0.0256275 0.045286914)
(0.088880574 0.028475 0.045286914)
(0.088880574 0.0313225 0.045286914)
(0.088880574 0.03417 0.045286914)
(0.088880574 0.0370175 0.045286914)
(0.088880574 0.039865 0.045286914)
(0.088880574 0.0427125 0.045286914)
(0.088880574 0.04556 0.045286914)
(0.088880574 0.0484075 0.045286914)
(0.088880574 0.051255 0.045286914)
(0.088880574 0.0541025 0.045286914)
(0.088880574 0.05695 0.045286914)
(0.088880574 0.0597975 0.045286914)
(0.088880574 0.062645 0.045286914)
(0.088880574 0.0654925 0.045286914)
(0.088880574 0.06834 0.045286914)
(0.088880574 0.0711875 0.045286914)
(0.088880574 0.074035 0.045286914)
(0.088880574 0.0768825 0.045286914)
(0.088880574 0.07973 0.045286914)
(0.088880574 0.0825775 0.045286914)
(0.088880574 0.085425 0.045286914)
(0.088880574 0.0882725 0.045286914)
(0.088880574 0.09112 0.045286914)
(0.088880574 0.0939675 0.045286914)
(0.088880574 0.096815 0.045286914)
(0.088880574 0.0996625 0.045286914)
(0.088880574 0.10251 0.045286914)
(0.088880574 0.1053575 0.045286914)
(0.088880574 0.108205 0.045286914)
(0.088880574 0.1110525 0.045286914)
(0.092159755 0.0028475 0.03817382)
(0.092159755 0.005695 0.03817382)
(0.092159755 0.0085425 0.03817382)
(0.092159755 0.01139 0.03817382)
(0.092159755 0.0142375 0.03817382)
(0.092159755 0.017085 0.03817382)
(0.092159755 0.0199325 0.03817382)
(0.092159755 0.02278 0.03817382)
(0.092159755 0.0256275 0.03817382)
(0.092159755 0.028475 0.03817382)
(0.092159755 0.0313225 0.03817382)
(0.092159755 0.03417 0.03817382)
(0.092159755 0.0370175 0.03817382)
(0.092159755 0.039865 0.03817382)
(0.092159755 0.0427125 0.03817382)
(0.092159755 0.04556 0.03817382)
(0.092159755 0.0484075 0.03817382)
(0.092159755 0.051255 0.03817382)
(0.092159755 0.0541025 0.03817382)
(0.092159755 0.05695 0.03817382)
(0.092159755 0.0597975 0.03817382)
(0.092159755 0.062645 0.03817382)
(0.092159755 0.0654925 0.03817382)
(0.092159755 0.06834 0.03817382)
(0.092159755 0.0711875 0.03817382)
(0.092159755 0.074035 0.03817382)
(0.092159755 0.0768825 0.03817382)
(0.092159755 0.07973 0.03817382)
(0.092159755 0.0825775 0.03817382)
(0.092159755 0.085425 0.03817382)
(0.092159755 0.0882725 0.03817382)
(0.092159755 0.09112 0.03817382)
(0.092159755 0.0939675 0.03817382)
(0.092159755 0.096815 0.03817382)
(0.092159755 0.0996625 0.03817382)
(0.092159755 0.10251 0.03817382)
(0.092159755 0.1053575 0.03817382)
(0.092159755 0.108205 0.03817382)
(0.092159755 0.1110525 0.03817382)
(0.094870741 0.0028475 0.030825372)
(0.094870741 0.005695 0.030825372)
(0.094870741 0.0085425 0.030825372)
(0.094870741 0.01139 0.030825372)
(0.094870741 0.0142375 0.030825372)
(0.094870741 0.017085 0.030825372)
(0.094870741 0.0199325 0.030825372)
(0.094870741 0.02278 0.030825372)
(0.094870741 0.0256275 0.030825372)
(0.094870741 0.028475 0.030825372)
(0.094870741 0.0313225 0.030825372)
(0.094870741 0.03417 0.030825372)
(0.094870741 0.0370175 0.030825372)
(0.094870741 0.039865 0.030825372)
(0.094870741 0.0427125 0.030825372)
(0.094870741 0.04556 0.030825372)
(0.094870741 0.0484075 0.030825372)
(0.094870741 0.051255 0.030825372)
(0.094870741 0.0541025 0.030825372)
(0.094870741 0.05695 0.030825372)
(0.094870741 0.0597975 0.030825372)
(0.094870741 0.062645 0.030825372)
(0.094870741 0.0654925 0.030825372)
(0.094870741 0.06834 0.030825372)
(0.094870741 0.0711875 0.030825372)
(0.094870741 0.074035 0.030825372)
(0.094870741 0.0768825 0.030825372)
(0.094870741 0.07973 0.030825372)
(0.094870741 0.0825775 0.030825372)
(0.094870741 0.085425 0.030825372)
(0.094870741 0.0882725 0.030825372)
(0.094870741 0.09112 0.030825372)
(0.094870741 0.0939675 0.030825372)
(0.094870741 0.096815 0.030825372)
(0.094870741 0.0996625 0.030825372)
(0.094870741 0.10251 0.030825372)
(0.094870741 0.1053575 0.030825372)
(0.094870741 0.108205 0.030825372)
(0.094870741 0.1110525 0.030825372)
(0.096996817 0.0028475 0.023286875)
(0.096996817 0.005695 0.023286875)
(0.096996817 0.0085425 0.023286875)
(0.096996817 0.01139 0.023286875)
(0.096996817 0.0142375 0.023286875)
(0.096996817 0.017085 0.023286875)
(0.096996817 0.0199325 0.023286875)
(0.096996817 0.02278 0.023286875)
(0.096996817 0.0256275 0.023286875)
(0.096996817 0.028475 0.023286875)
(0.096996817 0.0313225 0.023286875)
(0.096996817 0.03417 0.023286875)
(0.096996817 0.0370175 0.023286875)
(0.096996817 0.039865 0.023286875)
(0.096996817 0.0427125 0.023286875)
(0.096996817 0.04556 0.023286875)
(0.096996817 0.0484075 0.023286875)
(0.096996817 0.051255 0.023286875)
(0.096996817 0.0541025 0.023286875)
(0.096996817 0.05695 0.023286875)
(0.096996817 0.0597975 0.023286875)
(0.096996817 0.062645 0.023286875)
(0.096996817 0.0654925 0.023286875)
(0.096996817 0.06834 0.023286875)
(0.096996817 0.0711875 0.023286875)
(0.096996817 0.074035 0.023286875)
(0.096996817 0.0768825 0.023286875)
(0.096996817 0.07973 0.023286875)
(0.096996817 0.0825775 0.023286875)
(0.096996817 0.085425 0.023286875)
(0.096996817 0.0882725 0.023286875)
(0.096996817 0.09112 0.023286875)
(0.096996817 0.0939675 0.023286875)
(0.096996817 0.096815 0.023286875)
(0.096996817 0.0996625 0.023286875)
(0.096996817 0.10251 0.023286875)
(0.096996817 0.1053575 0.023286875)
(0.096996817 0.108205 0.023286875)
(0.096996817 0.1110525 0.023286875)
(0.098524875 0.0028475 0.015604807)
(0.098524875 0.005695 0.015604807)
(0.098524875 0.0085425 0.015604807)
(0.098524875 0.01139 0.015604807)
(0.098524875 0.0142375 0.015604807)
(0.098524875 0.017085 0.015604807)
(0.098524875 0.0199325 0.015604807)
(0.098524875 0.02278 0.015604807)
(0.098524875 0.0256275 0.015604807)
(0.098524875 0.028475 0.015604807)
(0.098524875 0.0313225 0.015604807)
(0.098524875 0.03417 0.015604807)
(0.098524875 0.0370175 0.015604807)
(0.098524875 0.039865 0.015604807)
(0.098524875 0.0427125 0.015604807)
(0.098524875 0.04556 0.015604807)
(0.098524875 0.0484075 0.015604807)
(0.098524875 0.051255 0.015604807)
(0.098524875 0.0541025 0.015604807)
(0.098524875 0.05695 0.015604807)
(0.098524875 0.0597975 0.015604807)
(0.098524875 0.062645 0.015604807)
(0.098524875 0.0654925 0.015604807)
(0.098524875 0.06834 0.015604807)
(0.098524875 0.0711875 0.015604807)
(0.098524875 0.074035 0.015604807)
(0.098524875 0.0768825 0.015604807)
(0.098524875 0.07973 0.015604807)
(0.098524875 0.0825775 0.015604807)
(0.098524875 0.085425 0.015604807)
(0.098524875 0.0882725 0.015604807)
(0.098524875 0.09112 0.015604807)
(0.098524875 0.0939675 0.015604807)
(0.098524875 0.096815 0.015604807)
(0.098524875 0.0996625 0.015604807)
(0.098524875 0.10251 0.015604807)
(0.098524875 0.1053575 0.015604807)
(0.098524875 0.108205 0.015604807)
(0.098524875 0.1110525 0.015604807)
(0.099445495 0.0028475 0.0078265302)
(0.099445495 0.005695 0.0078265302)
(0.099445495 0.0085425 0.0078265302)
(0.099445495 0.01139 0.0078265302)
(0.099445495 0.0142375 0.0078265302)
(0.099445495 0.017085 0.0078265302)
(0.099445495 0.0199325 0.0078265302)
(0.099445495 0.02278 0.0078265302)
(0.099445495 0.0256275 0.0078265302)
(0.099445495 0.028475 0.0078265302)
(0.099445495 0.0313225 0.0078265302)
(0.099445495 0.03417 0.0078265302)
(0.099445495 0.0370175 0.0078265302)
(0.099445495 0.039865 0.0078265302)
(0.099445495 0.0427125 0.0078265302)
(0.099445495 0.04556 0.0078265302)
(0.099445495 0.0484075 0.0078265302)
(0.099445495 0.051255 0.0078265302)
(0.099445495 0.0541025 0.0078265302)
(0.099445495 0.05695 0.0078265302)
(0.099445495 0.0597975 0.0078265302)
(0.099445495 0.062645 0.0078265302)
(0.099445495 0.0654925 0.0078265302)
(0.099445495 0.06834 0.0078265302)
(0.099445495 0.0711875 0.0078265302)
(0.099445495 0.074035 0.0078265302)
(0.099445495 0.0768825 0.0078265302)
(0.099445495 0.07973 0.0078265302)
(0.099445495 0.0825775 0.0078265302)
(0.099445495 0.085425 0.0078265302)
(0.099445495 0.0882725 0.0078265302)
(0.099445495 0.09112 0.0078265302)
(0.099445495 0.0939675 0.0078265302)
(0.099445495 0.096815 0.0078265302)
(0.099445495 0.0996625 0.0078265302)
(0.099445495 0.10251 0.0078265302)
(0.099445495 0.1053575 0.0078265302)
(0.099445495 0.108205 0.0078265302)
(0.099445495 0.1110525 0.0078265302)
(0.0998765 0.0028475 0)
(0.0998765 0.005695 0)
(0.0998765 0.0085425 0)
(0.0998765 0.01139 0)
(0.0998765 0.0142375 0)
(0.0998765 0.017085 0)
(0.0998765 0.0199325 0)
(0.0998765 0.02278 0)
(0.0998765 0.0256275 0)
(0.0998765 0.028475 0)
(0.0998765 0.0313225 0)
(0.0998765 0.03417 0)
(0.0998765 0.0370175 0)
(0.0998765 0.039865 0)
(0.0998765 0.0427125 0)
(0.0998765 0.04556 0)
(0.0998765 0.0484075 0)
(0.0998765 0.051255 0)
(0.0998765 0.0541025 0)
(0.0998765 0.05695 0)
(0.0998765 0.0597975 0)
(0.0998765 0.062645 0)
(0.0998765 0.0654925 0)
(0.0998765 0.06834 0)
(0.0998765 0.0711875 0)
(0.0998765 0.074035 0)
(0.0998765 0.0768825 0)
(0.0998765 0.07973 0)
(0.0998765 0.0825775 0)
(0.0998765 0.085425 0)
(0.0998765 0.0882725 0)
(0.0998765 0.09112 0)
(0.0998765 0.0939675 0)
(0.0998765 0.096815 0)
(0.0998765 0.0996625 0)
(0.0998765 0.10251 0)
(0.0998765 0.1053575 0)
(0.0998765 0.108205 0)
(0.0998765 0.1110525 0)
(0.099691733 0.0028475 0.0078459096)
(0.099691733 0.005695 0.0078459096)
(0.099691733 0.0085425 0.0078459096)
(0.099691733 0.01139 0.0078459096)
(0.099691733 0.0142375 0.0078459096)
(0.099691733 0.017085 0.0078459096)
(0.099691733 0.0199325 0.0078459096)
(0.099691733 0.02278 0.0078459096)
(0.099691733 0.0256275 0.0078459096)
(0.099691733 0.028475 0.0078459096)
(0.099691733 0.0313225 0.0078459096)
(0.099691733 0.03417 0.0078459096)
(0.099691733 0.0370175 0.0078459096)
(0.099691733 0.039865 0.0078459096)
(0.099691733 0.0427125 0.0078459096)
(0.099691733 0.04556 0.0078459096)
(0.099691733 0.0484075 0.0078459096)
(0.099691733 0.051255 0.0078459096)
(0.099691733 0.0541025 0.0078459096)
(0.099691733 0.05695 0.0078459096)
(0.099691733 0.0597975 0.0078459096)
(0.099691733 0.062645 0.0078459096)
(0.099691733 0.0654925 0.0078459096)
(0.099691733 0.06834 0.0078459096)
(0.099691733 0.0711875 0.0078459096)
(0.099691733 0.074035 0.0078459096)
(0.099691733 0.0768825 0.0078459096)
(0.099691733 0.07973 0.0078459096)
(0.099691733 0.0825775 0.0078459096)
(0.099691733 0.085425 0.0078459096)
(0.099691733 0.0882725 0.0078459096)
(0.099691733 0.09112 0.0078459096)
(0.099691733 0.0939675 0.0078459096)
(0.099691733 0.096815 0.0078459096)
(0.099691733 0.0996625 0.0078459096)
(0.099691733 0.10251 0.0078459096)
(0.099691733 0.1053575 0.0078459096)
(0.099691733 0.108205 0.0078459096)
(0.099691733 0.1110525 0.0078459096)
(0.098768834 0.0028475 0.015643447)
(0.098768834 0.005695 0.015643447)
(0.098768834 0.0085425 0.015643447)
(0.098768834 0.01139 0.015643447)
(0.098768834 0.0142375 0.015643447)
(0.098768834 0.017085 0.015643447)
(0.098768834 0.0199325 0.015643447)
(0.098768834 0.02278 0.015643447)
(0.098768834 0.0256275 0.015643447)
(0.098768834 0.028475 0.015643447)
(0.098768834 0.0313225 0.015643447)
(0.098768834 0.03417 0.015643447)
(0.098768834 0.0370175 0.015643447)
(0.098768834 0.039865 0.015643447)
(0.098768834 0.0427125 0.015643447)
(0.098768834 0.04556 0.015643447)
(0.098768834 0.0484075 0.015643447)
(0.098768834 0.051255 0.015643447)
(0.098768834 0.0541025 0.015643447)
(0.098768834 0.05695 0.015643447)
(0.098768834 0.0597975 0.015643447)
(0.098768834 0.062645 0.015643447)
(0.098768834 0.0654925 0.015643447)
(0.098768834 0.06834 0.015643447)
(0.098768834 0.0711875 0.015643447)
(0.098768834 0.074035 0.015643447)
(0.098768834 0.0768825 0.015643447)
(0.098768834 0.07973 0.015643447)
(0.098768834 0.0825775 0.015643447)
(0.098768834 0.085425 0.015643447)
(0.098768834 0.0882725 0.015643447)
(0.098768834 0.09112 0.015643447)
(0.098768834 0.0939675 0.015643447)
(0.098768834 0.096815 0.015643447)
(0.098768834 0.0996625 0.015643447)
(0.098768834 0.10251 0.015643447)
(0.098768834 0.1053575 0.015643447)
(0.098768834 0.108205 0.015643447)
(0.098768834 0.1110525 0.015643447)
(0.097236992 0.0028475 0.023344536)
(0.097236992 0.005695 0.023344536)
(0.097236992 0.0085425 0.023344536)
(0.097236992 0.01139 0.023344536)
(0.097236992 0.0142375 0.023344536)
(0.097236992 0.017085 0.023344536)
(0.097236992 0.0199325 0.023344536)
(0.097236992 0.02278 0.023344536)
(0.097236992 0.0256275 0.023344536)
(0.097236992 0.028475 0.023344536)
(0.097236992 0.0313225 0.023344536)
(0.097236992 0.03417 0.023344536)
(0.097236992 0.0370175 0.023344536)
(0.097236992 0.039865 0.023344536)
(0.097236992 0.0427125 0.023344536)
(0.097236992 0.04556 0.023344536)
(0.097236992 0.0484075 0.023344536)
(0.097236992 0.051255 0.023344536)
(0.097236992 0.0541025 0.023344536)
(0.097236992 0.05695 0.023344536)
(0.097236992 0.0597975 0.023344536)
(0.097236992 0.062645 0.023344536)
(0.097236992 0.0654925 0.023344536)
(0.097236992 0.06834 0.023344536)
(0.097236992 0.0711875 0.023344536)
(0.097236992 0.074035 0.023344536)
(0.097236992 0.0768825 0.023344536)
(0.097236992 0.07973 0.023344536)
(0.097236992 0.0825775 0.023344536)
(0.097236992 0.085425 0.023344536)
(0.097236992 0.0882725 0.023344536)
(0.097236992 0.09112 0.023344536)
(0.097236992 0.0939675 0.023344536)
(0.097236992 0.096815 0.023344536)
(0.097236992 0.0996625 0.023344536)
(0.097236992 0.10251 0.023344536)
(0.097236992 0.1053575 0.023344536)
(0.097236992 0.108205 0.023344536)
(0.097236992 0.1110525 0.023344536)
(0.095105652 0.0028475 0.030901699)
(0.095105652 0.005695 0.030901699)
(0.095105652 0.0085425 0.030901699)
(0.095105652 0.01139 0.030901699)
(0.095105652 0.0142375 0.030901699)
(0.095105652 0.017085 0.030901699)
(0.095105652 0.0199325 0.030901699)
(0.095105652 0.02278 0.030901699)
(0.095105652 0.0256275 0.030901699)
(0.095105652 0.028475 0.030901699)
(0.095105652 0.0313225 0.030901699)
(0.095105652 0.03417 0.030901699)
(0.095105652 0.0370175 0.030901699)
(0.095105652 0.039865 0.030901699)
(0.095105652 0.0427125 0.030901699)
(0.095105652 0.04556 0.030901699)
(0.095105652 0.0484075 0.030901699)
(0.095105652 0.051255 0.030901699)
(0.095105652 0.0541025 0.030901699)
(0.095105652 0.05695 0.030901699)
(0.095105652 0.0597975 0.030901699)
(0.095105652 0.062645 0.030901699)
(0.095105652 0.0654925 0.030901699)
(0.095105652 0.06834 0.030901699)
(0.095105652 0.0711875 0.030901699)
(0.095105652 0.074035 0.030901699)
(0.095105652 0.0768825 0.030901699)
(0.095105652 0.07973 0.030901699)
(0.095105652 0.0825775 0.030901699)
(0.095105652 0.085425 0.030901699)
(0.095105652 0.0882725 0.030901699)
(0.095105652 0.09112 0.030901699)
(0.095105652 0.0939675 0.030901699)
(0.095105652 0.096815 0.030901699)
(0.095105652 0.0996625 0.030901699)
(0.095105652 0.10251 0.030901699)
(0.095105652 0.1053575 0.030901699)
(0.095105652 0.108205 0.030901699)
(0.095105652 0.1110525 0.030901699)
(0.092387953 0.0028475 0.038268343)
(0.092387953 0.005695 0.038268343)
(0.092387953 0.0085425 0.038268343)
(0.092387953 0.01139 0.038268343)
(0.092387953 0.0142375 0.038268343)
(0.092387953 0.017085 0.038268343)
(0.092387953 0.0199325 0.038268343)
(0.092387953 0.02278 0.038268343)
(0.092387953 0.0256275 0.038268343)
(0.092387953 0.028475 0.038268343)
(0.092387953 0.0313225 0.038268343)
(0.092387953 0.03417 0.038268343)
(0.092387953 0.0370175 0.038268343)
(0.092387953 0.039865 0.038268343)
(0.092387953 0.0427125 0.038268343)
(0.092387953 0.04556 0.038268343)
(0.092387953 0.0484075 0.038268343)
(0.092387953 0.051255 0.038268343)
(0.092387953 0.0541025 0.038268343)
(0.092387953 0.05695 0.038268343)
(0.092387953 0.0597975 0.038268343)
(0.092387953 0.062645 0.038268343)
(0.092387953 0.0654925 0.038268343)
(0.092387953 0.06834 0.038268343)
(0.092387953 0.0711875 0.038268343)
(0.092387953 0.074035 0.038268343)
(0.092387953 0.0768825 0.038268343)
(0.092387953 0.07973 0.038268343)
(0.092387953 0.0825775 0.038268343)
(0.092387953 0.085425 0.038268343)
(0.092387953 0.0882725 0.038268343)
(0.092387953 0.09112 0.038268343)
(0.092387953 0.0939675 0.038268343)
(0.092387953 0.096815 0.038268343)
(0.092387953 0.0996625 0.038268343)
(0.092387953 0.10251 0.038268343)
(0.092387953 0.1053575 0.038268343)
(0.092387953 0.108205 0.038268343)
(0.092387953 0.1110525 0.038268343)
(0.089100652 0.0028475 0.04539905)
(0.089100652 0.005695 0.04539905)
(0.089100652 0.0085425 0.04539905)
(0.089100652 0.01139 0.04539905)
(0.089100652 0.0142375 0.04539905)
(0.089100652 0.017085 0.04539905)
(0.089100652 0.0199325 0.04539905)
(0.089100652 0.02278 0.04539905)
(0.089100652 0.0256275 0.04539905)
(0.089100652 0.028475 0.04539905)
(0.089100652 0.0313225 0.04539905)
(0.089100652 0.03417 0.04539905)
(0.089100652 0.0370175 0.04539905)
(0.089100652 0.039865 0.04539905)
(0.089100652 0.0427125 0.04539905)
(0.089100652 0.04556 0.04539905)
(0.089100652 0.0484075 0.04539905)
(0.089100652 0.051255 0.04539905)
(0.089100652 0.0541025 0.04539905)
(0.089100652 0.05695 0.04539905)
(0.089100652 0.0597975 0.04539905)
(0.089100652 0.062645 0.04539905)
(0.089100652 0.0654925 0.04539905)
(0.089100652 0.06834 0.04539905)
(0.089100652 0.0711875 0.04539905)
(0.089100652 0.074035 0.04539905)
(0.089100652 0.0768825 0.04539905)
(0.089100652 0.07973 0.04539905)
(0.089100652 0.0825775 0.04539905)
(0.089100652 0.085425 0.04539905)
(0.089100652 0.0882725 0.04539905)
(0.089100652 0.09112 0.04539905)
(0.089100652 0.0939675 0.04539905)
(0.089100652 0.096815 0.04539905)
(0.089100652 0.0996625 0.04539905)
(0.089100652 0.10251 0.04539905)
(0.089100652 0.1053575 0.04539905)
(0.089100652 0.108205 0.04539905)
(0.089100652 0.1110525 0.04539905)
(0.085264016 0.0028475 0.052249856)
(0.085264016 0.005695 0.052249856)
(0.085264016 0.0085425 0.052249856)
(0.085264016 0.01139 0.052249856)
(0.085264016 0.0142375 0.052249856)
(0.085264016 0.017085 0.052249856)
(0.085264016 0.0199325 0.052249856)
(0.085264016 0.02278 0.052249856)
(0.085264016 0.0256275 0.052249856)
(0.085264016 0.028475 0.052249856)
(0.085264016 0.0313225 0.052249856)
(0.085264016 0.03417 0.052249856)
(0.085264016 0.0370175 0.052249856)
(0.085264016 0.039865 0.052249856)
(0.085264016 0.0427125 0.052249856)
(0.085264016 0.04556 0.052249856)
(0.085264016 0.0484075 0.052249856)
(0.085264016 0.051255 0.052249856)
(0.085264016 0.0541025 0.052249856)
(0.085264016 0.05695 0.052249856)
(0.085264016 0.0597975 0.052249856)
(0.085264016 0.062645 0.052249856)
(0.085264016 0.0654925 0.052249856)
(0.085264016 0.06834 0.052249856)
(0.085264016 0.0711875 0.052249856)
(0.085264016 0.074035 0.052249856)
(0.085264016 0.0768825 0.052249856)
(0.085264016 0.07973 0.052249856)
(0.085264016 0.0825775 0.052249856)
(0.085264016 0.085425 0.052249856)
(0.085264016 0.0882725 0.052249856)
(0.085264016 0.09112 0.052249856)
(0.085264016 0.0939675 0.052249856)
(0.085264016 0.096815 0.052249856)
(0.085264016 0.0996625 0.052249856)
(0.085264016 0.10251 0.052249856)
(0.085264016 0.1053575 0.052249856)
(0.085264016 0.108205 0.052249856)
(0.085264016 0.1110525 0.052249856)
(0.080901699 0.0028475 0.058778525)
(0.080901699 0.005695 0.058778525)
(0.080901699 0.0085425 0.058778525)
(0.080901699 0.01139 0.058778525)
(0.080901699 0.0142375 0.058778525)
(0.080901699 0.017085 0.058778525)
(0.080901699 0.0199325 0.058778525)
(0.080901699 0.02278 0.058778525)
(0.080901699 0.0256275 0.058778525)
(0.080901699 0.028475 0.058778525)
(0.080901699 0.0313225 0.058778525)
(0.080901699 0.03417 0.058778525)
(0.080901699 0.0370175 0.058778525)
(0.080901699 0.039865 0.058778525)
(0.080901699 0.0427125 0.058778525)
(0.080901699 0.04556 0.058778525)
(0.080901699 0.0484075 0.058778525)
(0.080901699 0.051255 0.058778525)
(0.080901699 0.0541025 0.058778525)
(0.080901699 0.05695 0.058778525)
(0.080901699 0.0597975 0.058778525)
(0.080901699 0.062645 0.058778525)
(0.080901699 0.0654925 0.058778525)
(0.080901699 0.06834 0.058778525)
(0.080901699 0.0711875 0.058778525)
(0.080901699 0.074035 0.058778525)
(0.080901699 0.0768825 0.058778525)
(0.080901699 0.07973 0.058778525)
(0.080901699 0.0825775 0.058778525)
(0.080901699 0.085425 0.058778525)
(0.080901699 0.0882725 0.058778525)
(0.080901699 0.09112 0.058778525)
(0.080901699 0.0939675 0.058778525)
(0.080901699 0.096815 0.058778525)
(0.080901699 0.0996625 0.058778525)
(0.080901699 0.10251 0.058778525)
(0.080901699 0.1053575 0.058778525)
(0.080901699 0.108205 0.058778525)
(0.080901699 0.1110525 0.058778525)
(0.076040597 0.0028475 0.064944805)
(0.076040597 0.005695 0.064944805)
(0.076040597 0.0085425 0.064944805)
(0.076040597 0.01139 0.064944805)
(0.076040597 0.0142375 0.064944805)
(0.076040597 0.017085 0.064944805)
(0.076040597 0.0199325 0.064944805)
(0.076040597 0.02278 0.064944805)
(0.076040597 0.0256275 0.064944805)
(0.076040597 0.028475 0.064944805)
(0.076040597 0.0313225 0.064944805)
(0.076040597 0.03417 0.064944805)
(0.076040597 0.0370175 0.064944805)
(0.076040597 0.039865 0.064944805)
(0.076040597 0.0427125 0.064944805)
(0.076040597 0.04556 0.064944805)
(0.076040597 0.0484075 0.064944805)
(0.076040597 0.051255 0.064944805)
(0.076040597 0.0541025 0.064944805)
(0.076040597 0.05695 0.064944805)
(0.076040597 0.0597975 0.064944805)
(0.076040597 0.062645 0.064944805)
(0.076040597 0.0654925 0.064944805)
(0.076040597 0.06834 0.064944805)
(0.076040597 0.0711875 0.064944805)
(0.076040597 0.074035 0.064944805)
(0.076040597 0.0768825 0.064944805)
(0.076040597 0.07973 0.064944805)
(0.076040597 0.0825775 0.064944805)
(0.076040597 0.085425 0.064944805)
(0.076040597 0.0882725 0.064944805)
(0.076040597 0.09112 0.064944805)
(0.076040597 0.0939675 0.064944805)
(0.076040597 0.096815 0.064944805)
(0.076040597 0.0996625 0.064944805)
(0.076040597 0.10251 0.064944805)
(0.076040597 0.1053575 0.064944805)
(0.076040597 0.108205 0.064944805)
(0.076040597 0.1110525 0.064944805)
(0.070710678 0.0028475 0.070710678)
(0.070710678 0.005695 0.070710678)
(0.070710678 0.0085425 0.070710678)
(0.070710678 0.01139 0.070710678)
(0.070710678 0.0142375 0.070710678)
(0.070710678 0.017085 0.070710678)
(0.070710678 0.0199325 0.070710678)
(0.070710678 0.02278 0.070710678)
(0.070710678 0.0256275 0.070710678)
(0.070710678 0.028475 0.070710678)
(0.070710678 0.0313225 0.070710678)
(0.070710678 0.03417 0.070710678)
(0.070710678 0.0370175 0.070710678)
(0.070710678 0.039865 0.070710678)
(0.070710678 0.0427125 0.070710678)
(0.070710678 0.04556 0.070710678)
(0.070710678 0.0484075 0.070710678)
(0.070710678 0.051255 0.070710678)
(0.070710678 0.0541025 0.070710678)
(0.070710678 0.05695 0.070710678)
(0.070710678 0.0597975 0.070710678)
(0.070710678 0.062645 0.070710678)
(0.070710678 0.0654925 0.070710678)
(0.070710678 0.06834 0.070710678)
(0.070710678 0.0711875 0.070710678)
(0.070710678 0.074035 0.070710678)
(0.070710678 0.0768825 0.070710678)
(0.070710678 0.07973 0.070710678)
(0.070710678 0.0825775 0.070710678)
(0.070710678 0.085425 0.070710678)
(0.070710678 0.0882725 0.070710678)
(0.070710678 0.09112 0.070710678)
(0.070710678 0.0939675 0.070710678)
(0.070710678 0.096815 0.070710678)
(0.070710678 0.0996625 0.070710678)
(0.070710678 0.10251 0.070710678)
(0.070710678 0.1053575 0.070710678)
(0.070710678 0.108205 0.070710678)
(0.070710678 0.1110525 0.070710678)
(0.064944805 0.0028475 0.076040597)
(0.064944805 0.005695 0.076040597)
(0.064944805 0.0085425 0.076040597)
(0.064944805 0.01139 0.076040597)
(0.064944805 0.0142375 0.076040597)
(0.064944805 0.017085 0.076040597)
(0.064944805 0.0199325 0.076040597)
(0.064944805 0.02278 0.076040597)
(0.064944805 0.0256275 0.076040597)
(0.064944805 0.028475 0.076040597)
(0.064944805 0.0313225 0.076040597)
(0.064944805 0.03417 0.076040597)
(0.064944805 0.0370175 0.076040597)
(0.064944805 0.039865 0.076040597)
(0.064944805 0.0427125 0.076040597)
(0.064944805 0.04556 0.076040597)
(0.064944805 0.0484075 0.076040597)
(0.064944805 0.051255 0.076040597)
(0.064944805 0.0541025 0.076040597)
(0.064944805 0.05695 0.076040597)
(0.064944805 0.0597975 0.076040597)
(0.064944805 0.062645 0.076040597)
(0.064944805 0.0654925 0.076040597)
(0.064944805 0.06834 0.076040597)
(0.064944805 0.0711875 0.076040597)
(0.064944805 0.074035 0.076040597)
(0.064944805 0.0768825 0.076040597)
(0.064944805 0.07973 0.076040597)
(0.064944805 0.0825775 0.076040597)
(0.064944805 0.085425 0.076040597)
(0.064944805 0.0882725 0.076040597)
(0.064944805 0.09112 0.076040597)
(0.064944805 0.0939675 0.076040597)
(0.064944805 0.096815 0.076040597)
(0.064944805 0.0996625 0.076040597)
(0.064944805 0.10251 0.076040597)
(0.064944805 0.1053575 0.076040597)
(0.064944805 0.108205 0.076040597)
(0.064944805 0.1110525 0.076040597)
(0.058778525 0.0028475 0.080901699)
(0.058778525 0.005695 0.080901699)
(0.058778525 0.0085425 0.080901699)
(0.058778525 0.01139 0.080901699)
(0.058778525 0.0142375 0.080901699)
(0.058778525 0.017085 0.080901699)
(0.058778525 0.0199325 0.080901699)
(0.058778525 0.02278 0.080901699)
(0.058778525 0.0256275 0.080901699)
(0.058778525 0.028475 0.080901699)
(0.058778525 0.0313225 0.080901699)
(0.058778525 0.03417 0.080901699)
(0.058778525 0.0370175 0.080901699)
(0.058778525 0.039865 0.080901699)
(0.058778525 0.0427125 0.080901699)
(0.058778525 0.04556 0.080901699)
(0.058778525 0.0484075 0.080901699)
(0.058778525 0.051255 0.080901699)
(0.058778525 0.0541025 0.080901699)
(0.058778525 0.05695 0.080901699)
(0.058778525 0.0597975 0.080901699)
(0.058778525 0.062645 0.080901699)
(0.058778525 0.0654925 0.080901699)
(0.058778525 0.06834 0.080901699)
(0.058778525 0.0711875 0.080901699)
(0.058778525 0.074035 0.080901699)
(0.058778525 0.0768825 0.080901699)
(0.058778525 0.07973 0.080901699)
(0.058778525 0.0825775 0.080901699)
(0.058778525 0.085425 0.080901699)
(0.058778525 0.0882725 0.080901699)
(0.058778525 0.09112 0.080901699)
(0.058778525 0.0939675 0.080901699)
(0.058778525 0.096815 0.080901699)
(0.058778525 0.0996625 0.080901699)
(0.058778525 0.10251 0.080901699)
(0.058778525 0.1053575 0.080901699)
(0.058778525 0.108205 0.080901699)
(0.058778525 0.1110525 0.080901699)
(0.052249856 0.0028475 0.085264016)
(0.052249856 0.005695 0.085264016)
(0.052249856 0.0085425 0.085264016)
(0.052249856 0.01139 0.085264016)
(0.052249856 0.0142375 0.085264016)
(0.052249856 0.017085 0.085264016)
(0.052249856 0.0199325 0.085264016)
(0.052249856 0.02278 0.085264016)
(0.052249856 0.0256275 0.085264016)
(0.052249856 0.028475 0.085264016)
(0.052249856 0.0313225 0.085264016)
(0.052249856 0.03417 0.085264016)
(0.052249856 0.0370175 0.085264016)
(0.052249856 0.039865 0.085264016)
(0.052249856 0.0427125 0.085264016)
(0.052249856 0.04556 0.085264016)
(0.052249856 0.0484075 0.085264016)
(0.052249856 0.051255 0.085264016)
(0.052249856 0.0541025 0.085264016)
(0.052249856 0.05695 0.085264016)
(0.052249856 0.0597975 0.085264016)
(0.052249856 0.062645 0.085264016)
(0.052249856 0.0654925 0.085264016)
(0.052249856 0.06834 0.085264016)
(0.052249856 0.0711875 0.085264016)
(0.052249856 0.074035 0.085264016)
(0.052249856 0.0768825 0.085264016)
(0.052249856 0.07973 0.085264016)
(0.052249856 0.0825775 0.085264016)
(0.052249856 0.085425 0.085264016)
(0.052249856 0.0882725 0.085264016)
(0.052249856 0.09112 0.085264016)
(0.052249856 0.0939675 0.085264016)
(0.052249856 0.096815 0.085264016)
(0.052249856 0.0996625 0.085264016)
(0.052249856 0.10251 0.085264016)
(0.052249856 0.1053575 0.085264016)
(0.052249856 0.108205 0.085264016)
(0.052249856 0.1110525 0.085264016)
(0.04539905 0.0028475 0.089100652)
(0.04539905 0.005695 0.089100652)
(0.04539905 0.0085425 0.089100652)
(0.04539905 0.01139 0.089100652)
(0.04539905 0.0142375 0.089100652)
(0.04539905 0.017085 0.089100652)
(0.04539905 0.0199325 0.089100652)
(0.04539905 0.02278 0.089100652)
(0.04539905 0.0256275 0.089100652)
(0.04539905 0.028475 0.089100652)
(0.04539905 0.0313225 0.089100652)
(0.04539905 0.03417 0.089100652)
(0.04539905 0.0370175 0.089100652)
(0.04539905 0.039865 0.089100652)
(0.04539905 0.0427125 0.089100652)
(0.04539905 0.04556 0.089100652)
(0.04539905 0.0484075 0.089100652)
(0.04539905 0.051255 0.089100652)
(0.04539905 0.0541025 0.089100652)
(0.04539905 0.05695 0.089100652)
(0.04539905 0.0597975 0.089100652)
(0.04539905 0.062645 0.089100652)
(0.04539905 0.0654925 0.089100652)
(0.04539905 0.06834 0.089100652)
(0.04539905 0.0711875 0.089100652)
(0.04539905 0.074035 0.089100652)
(0.04539905 0.0768825 0.089100652)
(0.04539905 0.07973 0.089100652)
(0.04539905 0.0825775 0.089100652)
(0.04539905 0.085425 0.089100652)
(0.04539905 0.0882725 0.089100652)
(0.04539905 0.09112 0.089100652)
(0.04539905 0.0939675 0.089100652)
(0.04539905 0.096815 0.089100652)
(0.04539905 0.0996625 0.089100652)
(0.04539905 0.10251 0.089100652)
(0.04539905 0.1053575 0.089100652)
(0.04539905 0.108205 0.089100652)
(0.04539905 0.1110525 0.089100652)
(0.038268343 0.0028475 0.092387953)
(0.038268343 0.005695 0.092387953)
(0.038268343 0.0085425 0.092387953)
(0.038268343 0.01139 0.092387953)
(0.038268343 0.0142375 0.092387953)
(0.038268343 0.017085 0.092387953)
(0.038268343 0.0199325 0.092387953)
(0.038268343 0.02278 0.092387953)
(0.038268343 0.0256275 0.092387953)
(0.038268343 0.028475 0.092387953)
(0.038268343 0.0313225 0.092387953)
(0.038268343 0.03417 0.092387953)
(0.038268343 0.0370175 0.092387953)
(0.038268343 0.039865 0.092387953)
(0.038268343 0.0427125 0.092387953)
(0.038268343 0.04556 0.092387953)
(0.038268343 0.0484075 0.092387953)
(0.038268343 0.051255 0.092387953)
(0.038268343 0.0541025 0.092387953)
(0.038268343 0.05695 0.092387953)
(0.038268343 0.0597975 0.092387953)
(0.038268343 0.062645 0.092387953)
(0.038268343 0.0654925 0.092387953)
(0.038268343 0.06834 0.092387953)
(0.038268343 0.0711875 0.092387953)
(0.038268343 0.074035 0.092387953)
(0.038268343 0.0768825 0.092387953)
(0.038268343 0.07973 0.092387953)
(0.038268343 0.0825775 0.092387953)
(0.038268343 0.085425 0.092387953)
(0.038268343 0.0882725 0.092387953)
(0.038268343 0.09112 0.092387953)
(0.038268343 0.0939675 0.092387953)
(0.038268343 0.096815 0.092387953)
(0.038268343 0.0996625 0.092387953)
(0.038268343 0.10251 0.092387953)
(0.038268343 0.1053575 0.092387953)
(0.038268343 0.108205 0.092387953)
(0.038268343 0.1110525 0.092387953)
(0.030901699 0.0028475 0.095105652)
(0.030901699 0.005695 0.095105652)
(0.030901699 0.0085425 0.095105652)
(0.030901699 0.01139 0.095105652)
(0.030901699 0.0142375 0.095105652)
(0.030901699 0.017085 0.095105652)
(0.030901699 0.0199325 0.095105652)
(0.030901699 0.02278 0.095105652)
(0.030901699 0.0256275 0.095105652)
(0.030901699 0.028475 0.095105652)
(0.030901699 0.0313225 0.095105652)
(0.030901699 0.03417 0.095105652)
(0.030901699 0.0370175 0.095105652)
(0.030901699 0.039865 0.095105652)
(0.030901699 0.0427125 0.095105652)
(0.030901699 0.04556 0.095105652)
(0.030901699 0.0484075 0.095105652)
(0.030901699 0.051255 0.095105652)
(0.030901699 0.0541025 0.095105652)
(0.030901699 0.05695 0.095105652)
(0.030901699 0.0597975 0.095105652)
(0.030901699 0.062645 0.095105652)
(0.030901699 0.0654925 0.095105652)
(0.030901699 0.06834 0.095105652)
(0.030901699 0.0711875 0.095105652)
(0.030901699 0.074035 0.095105652)
(0.030901699 0.0768825 0.095105652)
(0.030901699 0.07973 0.095105652)
(0.030901699 0.0825775 0.095105652)
(0.030901699 0.085425 0.095105652)
(0.030901699 0.0882725 0.095105652)
(0.030901699 0.09112 0.095105652)
(0.030901699 0.0939675 0.095105652)
(0.030901699 0.096815 0.095105652)
(0.030901699 0.0996625 0.095105652)
(0.030901699 0.10251 0.095105652)
(0.030901699 0.1053575 0.095105652)
(0.030901699 0.108205 0.095105652)
(0.030901699 0.1110525 0.095105652)
(0.023344536 0.0028475 0.097236992)
(0.023344536 0.005695 0.097236992)
(0.023344536 0.0085425 0.097236992)
(0.023344536 0.01139 0.097236992)
(0.023344536 0.0142375 0.097236992)
(0.023344536 0.017085 0.097236992)
(0.023344536 0.0199325 0.097236992)
(0.023344536 0.02278 0.097236992)
(0.023344536 0.0256275 0.097236992)
(0.023344536 0.028475 0.097236992)
(0.023344536 0.0313225 0.097236992)
(0.023344536 0.03417 0.097236992)
(0.023344536 0.0370175 0.097236992)
(0.023344536 0.039865 0.097236992)
(0.023344536 0.0427125 0.097236992)
(0.023344536 0.04556 0.097236992)
(0.023344536 0.0484075 0.097236992)
(0.023344536 0.051255 0.097236992)
(0.023344536 0.0541025 0.097236992)
(0.023344536 0.05695 0.097236992)
(0.023344536 0.0597975 0.097236992)
(0.023344536 0.062645 0.097236992)
(0.023344536 0.0654925 0.097236992)
(0.023344536 0.06834 0.097236992)
(0.023344536 0.0711875 0.097236992)
(0.023344536 0.074035 0.097236992)
(0.023344536 0.0768825 0.097236992)
(0.023344536 0.07973 0.097236992)
(0.023344536 0.0825775 0.097236992)
(0.023344536 0.085425 0.097236992)
(0.023344536 0.0882725 0.097236992)
(0.023344536 0.09112 0.097236992)
(0.023344536 0.0939675 0.097236992)
(0.023344536 0.096815 0.097236992)
(0.023344536 0.0996625 0.097236992)
(0.023344536 0.10251 0.097236992)
(0.023344536 0.1053575 0.097236992)
(0.023344536 0.108205 0.097236992)
(0.023344536 0.1110525 0.097236992)
(0.015643447 0.0028475 0.098768834)
(0.015643447 0.005695 0.098768834)
(0.015643447 0.0085425 0.098768834)
(0.015643447 0.01139 0.098768834)
(0.015643447 0.0142375 0.098768834)
(0.015643447 0.017085 0.098768834)
(0.015643447 0.0199325 0.098768834)
(0.015643447 0.02278 0.098768834)
(0.015643447 0.0256275 0.098768834)
(0.015643447 0.028475 0.098768834)
(0.015643447 0.0313225 0.098768834)
(0.015643447 0.03417 0.098768834)
(0.015643447 0.0370175 0.098768834)
(0.015643447 0.039865 0.098768834)
(0.015643447 0.0427125 0.098768834)
(0.015643447 0.04556 0.098768834)
(0.015643447 0.0484075 0.098768834)
(0.015643447 0.051255 0.098768834)
(0.015643447 0.0541025 0.098768834)
(0.015643447 0.05695 0.098768834)
(0.015643447 0.0597975 0.098768834)
(0.015643447 0.062645 0.098768834)
(0.015643447 0.0654925 0.098768834)
(0.015643447 0.06834 0.098768834)
(0.015643447 0.0711875 0.098768834)
(0.015643447 0.074035 0.098768834)
(0.015643447 0.0768825 0.098768834)
(0.015643447 0.07973 0.098768834)
(0.015643447 0.0825775 0.098768834)
(0.015643447 0.085425 0.098768834)
(0.015643447 0.0882725 0.098768834)
(0.015643447 0.09112 0.098768834)
(0.015643447 0.0939675 0.098768834)
(0.015643447 0.096815 0.098768834)
(0.015643447 0.0996625 0.098768834)
(0.015643447 0.10251 0.098768834)
(0.015643447 0.1053575 0.098768834)
(0.015643447 0.108205 0.098768834)
(0.015643447 0.1110525 0.098768834)
(0.0078459096 0.0028475 0.099691733)
(0.0078459096 0.005695 0.099691733)
(0.0078459096 0.0085425 0.099691733)
(0.0078459096 0.01139 0.099691733)
(0.0078459096 0.0142375 0.099691733)
(0.0078459096 0.017085 0.099691733)
(0.0078459096 0.0199325 0.099691733)
(0.0078459096 0.02278 0.099691733)
(0.0078459096 0.0256275 0.099691733)
(0.0078459096 0.028475 0.099691733)
(0.0078459096 0.0313225 0.099691733)
(0.0078459096 0.03417 0.099691733)
(0.0078459096 0.0370175 0.099691733)
(0.0078459096 0.039865 0.099691733)
(0.0078459096 0.0427125 0.099691733)
(0.0078459096 0.04556 0.099691733)
(0.0078459096 0.0484075 0.099691733)
(0.0078459096 0.051255 0.099691733)
(0.0078459096 0.0541025 0.099691733)
(0.0078459096 0.05695 0.099691733)
(0.0078459096 0.0597975 0.099691733)
(0.0078459096 0.062645 0.099691733)
(0.0078459096 0.0654925 0.099691733)
(0.0078459096 0.06834 0.099691733)
(0.0078459096 0.0711875 0.099691733)
(0.0078459096 0.074035 0.099691733)
(0.0078459096 0.0768825 0.099691733)
(0.0078459096 0.07973 0.099691733)
(0.0078459096 0.0825775 0.099691733)
(0.0078459096 0.085425 0.099691733)
(0.0078459096 0.0882725 0.099691733)
(0.0078459096 0.09112 0.099691733)
(0.0078459096 0.0939675 0.099691733)
(0.0078459096 0.096815 0.099691733)
(0.0078459096 0.0996625 0.099691733)
(0.0078459096 0.10251 0.099691733)
(0.0078459096 0.1053575 0.099691733)
(0.0078459096 0.108205 0.099691733)
(0.0078459096 0.1110525 0.099691733)
(0 0.0028475 0.0998765)
(0 0.005695 0.0998765)
(0 0.0085425 0.0998765)
(0 0.01139 0.0998765)
(0 0.0142375 0.0998765)
(0 0.017085 0.0998765)
(0 0.0199325 0.0998765)
(0 0.02278 0.0998765)
(0 0.0256275 0.0998765)
(0 0.028475 0.0998765)
(0 0.0313225 0.0998765)
(0 0.03417 0.0998765)
(0 0.0370175 0.0998765)
(0 0.039865 0.0998765)
(0 0.0427125 0.0998765)
(0 0.04556 0.0998765)
(0 0.0484075 0.0998765)
(0 0.051255 0.0998765)
(0 0.0541025 0.0998765)
(0 0.05695 0.0998765)
(0 0.0597975 0.0998765)
(0 0.062645 0.0998765)
(0 0.0654925 0.0998765)
(0 0.06834 0.0998765)
(0 0.0711875 0.0998765)
(0 0.074035 0.0998765)
(0 0.0768825 0.0998765)
(0 0.07973 0.0998765)
(0 0.0825775 0.0998765)
(0 0.085425 0.0998765)
(0 0.0882725 0.0998765)
(0 0.09112 0.0998765)
(0 0.0939675 0.0998765)
(0 0.096815 0.0998765)
(0 0.0996625 0.0998765)
(0 0.10251 0.0998765)
(0 0.1053575 0.0998765)
(0 0.108205 0.0998765)
(0 0.1110525 0.0998765)
(0.0078362199 0.1139 0.099568614)
(0.015624127 0.1139 0.098646855)
(0.023315706 0.1139 0.097116904)
(0.030863536 0.1139 0.094988196)
(0.038221082 0.1139 0.092273854)
(0.045342982 0.1139 0.088990613)
(0.052185328 0.1139 0.085158715)
(0.058705934 0.1139 0.080801786)
(0.064864598 0.1139 0.075946686)
(0.07062335 0.1139 0.07062335)
(0.075946686 0.1139 0.064864598)
(0.080801786 0.1139 0.058705934)
(0.085158715 0.1139 0.052185328)
(0.088990613 0.1139 0.045342982)
(0.092273854 0.1139 0.038221082)
(0.094988196 0.1139 0.030863536)
(0.097116904 0.1139 0.023315706)
(0.098646855 0.1139 0.015624127)
(0.099568614 0.1139 0.0078362199)
(0.0078362199 0.0028475 0.099568614)
(0.0078362199 0.005695 0.099568614)
(0.0078362199 0.0085425 0.099568614)
(0.0078362199 0.01139 0.099568614)
(0.0078362199 0.0142375 0.099568614)
(0.0078362199 0.017085 0.099568614)
(0.0078362199 0.0199325 0.099568614)
(0.0078362199 0.02278 0.099568614)
(0.0078362199 0.0256275 0.099568614)
(0.0078362199 0.028475 0.099568614)
(0.0078362199 0.0313225 0.099568614)
(0.0078362199 0.03417 0.099568614)
(0.0078362199 0.0370175 0.099568614)
(0.0078362199 0.039865 0.099568614)
(0.0078362199 0.0427125 0.099568614)
(0.0078362199 0.04556 0.099568614)
(0.0078362199 0.0484075 0.099568614)
(0.0078362199 0.051255 0.099568614)
(0.0078362199 0.0541025 0.099568614)
(0.0078362199 0.05695 0.099568614)
(0.0078362199 0.0597975 0.099568614)
(0.0078362199 0.062645 0.099568614)
(0.0078362199 0.0654925 0.099568614)
(0.0078362199 0.06834 0.099568614)
(0.0078362199 0.0711875 0.099568614)
(0.0078362199 0.074035 0.099568614)
(0.0078362199 0.0768825 0.099568614)
(0.0078362199 0.07973 0.099568614)
(0.0078362199 0.0825775 0.099568614)
(0.0078362199 0.085425 0.099568614)
(0.0078362199 0.0882725 0.099568614)
(0.0078362199 0.09112 0.099568614)
(0.0078362199 0.0939675 0.099568614)
(0.0078362199 0.096815 0.099568614)
(0.0078362199 0.0996625 0.099568614)
(0.0078362199 0.10251 0.099568614)
(0.0078362199 0.1053575 0.099568614)
(0.0078362199 0.108205 0.099568614)
(0.0078362199 0.1110525 0.099568614)
(0.015624127 0.0028475 0.098646855)
(0.015624127 0.005695 0.098646855)
(0.015624127 0.0085425 0.098646855)
(0.015624127 0.01139 0.098646855)
(0.015624127 0.0142375 0.098646855)
(0.015624127 0.017085 0.098646855)
(0.015624127 0.0199325 0.098646855)
(0.015624127 0.02278 0.098646855)
(0.015624127 0.0256275 0.098646855)
(0.015624127 0.028475 0.098646855)
(0.015624127 0.0313225 0.098646855)
(0.015624127 0.03417 0.098646855)
(0.015624127 0.0370175 0.098646855)
(0.015624127 0.039865 0.098646855)
(0.015624127 0.0427125 0.098646855)
(0.015624127 0.04556 0.098646855)
(0.015624127 0.0484075 0.098646855)
(0.015624127 0.051255 0.098646855)
(0.015624127 0.0541025 0.098646855)
(0.015624127 0.05695 0.098646855)
(0.015624127 0.0597975 0.098646855)
(0.015624127 0.062645 0.098646855)
(0.015624127 0.0654925 0.098646855)
(0.015624127 0.06834 0.098646855)
(0.015624127 0.0711875 0.098646855)
(0.015624127 0.074035 0.098646855)
(0.015624127 0.0768825 0.098646855)
(0.015624127 0.07973 0.098646855)
(0.015624127 0.0825775 0.098646855)
(0.015624127 0.085425 0.098646855)
(0.015624127 0.0882725 0.098646855)
(0.015624127 0.09112 0.098646855)
(0.015624127 0.0939675 0.098646855)
(0.015624127 0.096815 0.098646855)
(0.015624127 0.0996625 0.098646855)
(0.015624127 0.10251 0.098646855)
(0.015624127 0.1053575 0.098646855)
(0.015624127 0.108205 0.098646855)
(0.015624127 0.1110525 0.098646855)
(0.023315706 0.0028475 0.097116904)
(0.023315706 0.005695 0.097116904)
(0.023315706 0.0085425 0.097116904)
(0.023315706 0.01139 0.097116904)
(0.023315706 0.0142375 0.097116904)
(0.023315706 0.017085 0.097116904)
(0.023315706 0.0199325 0.097116904)
(0.023315706 0.02278 0.097116904)
(0.023315706 0.0256275 0.097116904)
(0.023315706 0.028475 0.097116904)
(0.023315706 0.0313225 0.097116904)
(0.023315706 0.03417 0.097116904)
(0.023315706 0.0370175 0.097116904)
(0.023315706 0.039865 0.097116904)
(0.023315706 0.0427125 0.097116904)
(0.023315706 0.04556 0.097116904)
(0.023315706 0.0484075 0.097116904)
(0.023315706 0.051255 0.097116904)
(0.023315706 0.0541025 0.097116904)
(0.023315706 0.05695 0.097116904)
(0.023315706 0.0597975 0.097116904)
(0.023315706 0.062645 0.097116904)
(0.023315706 0.0654925 0.097116904)
(0.023315706 0.06834 0.097116904)
(0.023315706 0.0711875 0.097116904)
(0.023315706 0.074035 0.097116904)
(0.023315706 0.0768825 0.097116904)
(0.023315706 0.07973 0.097116904)
(0.023315706 0.0825775 0.097116904)
(0.023315706 0.085425 0.097116904)
(0.023315706 0.0882725 0.097116904)
(0.023315706 0.09112 0.097116904)
(0.023315706 0.0939675 0.097116904)
(0.023315706 0.096815 0.097116904)
(0.023315706 0.0996625 0.097116904)
(0.023315706 0.10251 0.097116904)
(0.023315706 0.1053575 0.097116904)
(0.023315706 0.108205 0.097116904)
(0.023315706 0.1110525 0.097116904)
(0.030863536 0.0028475 0.094988196)
(0.030863536 0.005695 0.094988196)
(0.030863536 0.0085425 0.094988196)
(0.030863536 0.01139 0.094988196)
(0.030863536 0.0142375 0.094988196)
(0.030863536 0.017085 0.094988196)
(0.030863536 0.0199325 0.094988196)
(0.030863536 0.02278 0.094988196)
(0.030863536 0.0256275 0.094988196)
(0.030863536 0.028475 0.094988196)
(0.030863536 0.0313225 0.094988196)
(0.030863536 0.03417 0.094988196)
(0.030863536 0.0370175 0.094988196)
(0.030863536 0.039865 0.094988196)
(0.030863536 0.0427125 0.094988196)
(0.030863536 0.04556 0.094988196)
(0.030863536 0.0484075 0.094988196)
(0.030863536 0.051255 0.094988196)
(0.030863536 0.0541025 0.094988196)
(0.030863536 0.05695 0.094988196)
(0.030863536 0.0597975 0.094988196)
(0.030863536 0.062645 0.094988196)
(0.030863536 0.0654925 0.094988196)
(0.030863536 0.06834 0.094988196)
(0.030863536 0.0711875 0.094988196)
(0.030863536 0.074035 0.094988196)
(0.030863536 0.0768825 0.094988196)
(0.030863536 0.07973 0.094988196)
(0.030863536 0.0825775 0.094988196)
(0.030863536 0.085425 0.094988196)
(0.030863536 0.0882725 0.094988196)
(0.030863536 0.09112 0.094988196)
(0.030863536 0.0939675 0.094988196)
(0.030863536 0.096815 0.094988196)
(0.030863536 0.0996625 0.094988196)
(0.030863536 0.10251 0.094988196)
(0.030863536 0.1053575 0.094988196)
(0.030863536 0.108205 0.094988196)
(0.030863536 0.1110525 0.094988196)
(0.038221082 0.0028475 0.092273854)
(0.038221082 0.005695 0.092273854)
(0.038221082 0.0085425 0.092273854)
(0.038221082 0.01139 0.092273854)
(0.038221082 0.0142375 0.092273854)
(0.038221082 0.017085 0.092273854)
(0.038221082 0.0199325 0.092273854)
(0.038221082 0.02278 0.092273854)
(0.038221082 0.0256275 0.092273854)
(0.038221082 0.028475 0.092273854)
(0.038221082 0.0313225 0.092273854)
(0.038221082 0.03417 0.092273854)
(0.038221082 0.0370175 0.092273854)
(0.038221082 0.039865 0.092273854)
(0.038221082 0.0427125 0.092273854)
(0.038221082 0.04556 0.092273854)
(0.038221082 0.0484075 0.092273854)
(0.038221082 0.051255 0.092273854)
(0.038221082 0.0541025 0.092273854)
(0.038221082 0.05695 0.092273854)
(0.038221082 0.0597975 0.092273854)
(0.038221082 0.062645 0.092273854)
(0.038221082 0.0654925 0.092273854)
(0.038221082 0.06834 0.092273854)
(0.038221082 0.0711875 0.092273854)
(0.038221082 0.074035 0.092273854)
(0.038221082 0.0768825 0.092273854)
(0.038221082 0.07973 0.092273854)
(0.038221082 0.0825775 0.092273854)
(0.038221082 0.085425 0.092273854)
(0.038221082 0.0882725 0.092273854)
(0.038221082 0.09112 0.092273854)
(0.038221082 0.0939675 0.092273854)
(0.038221082 0.096815 0.092273854)
(0.038221082 0.0996625 0.092273854)
(0.038221082 0.10251 0.092273854)
(0.038221082 0.1053575 0.092273854)
(0.038221082 0.108205 0.092273854)
(0.038221082 0.1110525 0.092273854)
(0.045342982 0.0028475 0.088990613)
(0.045342982 0.005695 0.088990613)
(0.045342982 0.0085425 0.088990613)
(0.045342982 0.01139 0.088990613)
(0.045342982 0.0142375 0.088990613)
(0.045342982 0.017085 0.088990613)
(0.045342982 0.0199325 0.088990613)
(0.045342982 0.02278 0.088990613)
(0.045342982 0.0256275 0.088990613)
(0.045342982 0.028475 0.088990613)
(0.045342982 0.0313225 0.088990613)
(0.045342982 0.03417 0.088990613)
(0.045342982 0.0370175 0.088990613)
(0.045342982 0.039865 0.088990613)
(0.045342982 0.0427125 0.088990613)
(0.045342982 0.04556 0.088990613)
(0.045342982 0.0484075 0.088990613)
(0.045342982 0.051255 0.088990613)
(0.045342982 0.0541025 0.088990613)
(0.045342982 0.05695 0.088990613)
(0.045342982 0.0597975 0.088990613)
(0.045342982 0.062645 0.088990613)
(0.045342982 0.0654925 0.088990613)
(0.045342982 0.06834 0.088990613)
(0.045342982 0.0711875 0.088990613)
(0.045342982 0.074035 0.088990613)
(0.045342982 0.0768825 0.088990613)
(0.045342982 0.07973 0.088990613)
(0.045342982 0.0825775 0.088990613)
(0.045342982 0.085425 0.088990613)
(0.045342982 0.0882725 0.088990613)
(0.045342982 0.09112 0.088990613)
(0.045342982 0.0939675 0.088990613)
(0.045342982 0.096815 0.088990613)
(0.045342982 0.0996625 0.088990613)
(0.045342982 0.10251 0.088990613)
(0.045342982 0.1053575 0.088990613)
(0.045342982 0.108205 0.088990613)
(0.045342982 0.1110525 0.088990613)
(0.052185328 0.0028475 0.085158715)
(0.052185328 0.005695 0.085158715)
(0.052185328 0.0085425 0.085158715)
(0.052185328 0.01139 0.085158715)
(0.052185328 0.0142375 0.085158715)
(0.052185328 0.017085 0.085158715)
(0.052185328 0.0199325 0.085158715)
(0.052185328 0.02278 0.085158715)
(0.052185328 0.0256275 0.085158715)
(0.052185328 0.028475 0.085158715)
(0.052185328 0.0313225 0.085158715)
(0.052185328 0.03417 0.085158715)
(0.052185328 0.0370175 0.085158715)
(0.052185328 0.039865 0.085158715)
(0.052185328 0.0427125 0.085158715)
(0.052185328 0.04556 0.085158715)
(0.052185328 0.0484075 0.085158715)
(0.052185328 0.051255 0.085158715)
(0.052185328 0.0541025 0.085158715)
(0.052185328 0.05695 0.085158715)
(0.052185328 0.0597975 0.085158715)
(0.052185328 0.062645 0.085158715)
(0.052185328 0.0654925 0.085158715)
(0.052185328 0.06834 0.085158715)
(0.052185328 0.0711875 0.085158715)
(0.052185328 0.074035 0.085158715)
(0.052185328 0.0768825 0.085158715)
(0.052185328 0.07973 0.085158715)
(0.052185328 0.0825775 0.085158715)
(0.052185328 0.085425 0.085158715)
(0.052185328 0.0882725 0.085158715)
(0.052185328 0.09112 0.085158715)
(0.052185328 0.0939675 0.085158715)
(0.052185328 0.096815 0.085158715)
(0.052185328 0.0996625 0.085158715)
(0.052185328 0.10251 0.085158715)
(0.052185328 0.1053575 0.085158715)
(0.052185328 0.108205 0.085158715)
(0.052185328 0.1110525 0.085158715)
(0.058705934 0.0028475 0.080801786)
(0.058705934 0.005695 0.080801786)
(0.058705934 0.0085425 0.080801786)
(0.058705934 0.01139 0.080801786)
(0.058705934 0.0142375 0.080801786)
(0.058705934 0.017085 0.080801786)
(0.058705934 0.0199325 0.080801786)
(0.058705934 0.02278 0.080801786)
(0.058705934 0.0256275 0.080801786)
(0.058705934 0.028475 0.080801786)
(0.058705934 0.0313225 0.080801786)
(0.058705934 0.03417 0.080801786)
(0.058705934 0.0370175 0.080801786)
(0.058705934 0.039865 0.080801786)
(0.058705934 0.0427125 0.080801786)
(0.058705934 0.04556 0.080801786)
(0.058705934 0.0484075 0.080801786)
(0.058705934 0.051255 0.080801786)
(0.058705934 0.0541025 0.080801786)
(0.058705934 0.05695 0.080801786)
(0.058705934 0.0597975 0.080801786)
(0.058705934 0.062645 0.080801786)
(0.058705934 0.0654925 0.080801786)
(0.058705934 0.06834 0.080801786)
(0.058705934 0.0711875 0.080801786)
(0.058705934 0.074035 0.080801786)
(0.058705934 0.0768825 0.080801786)
(0.058705934 0.07973 0.080801786)
(0.058705934 0.0825775 0.080801786)
(0.058705934 0.085425 0.080801786)
(0.058705934 0.0882725 0.080801786)
(0.058705934 0.09112 0.080801786)
(0.058705934 0.0939675 0.080801786)
(0.058705934 0.096815 0.080801786)
(0.058705934 0.0996625 0.080801786)
(0.058705934 0.10251 0.080801786)
(0.058705934 0.1053575 0.080801786)
(0.058705934 0.108205 0.080801786)
(0.058705934 0.1110525 0.080801786)
(0.064864598 0.0028475 0.075946686)
(0.064864598 0.005695 0.075946686)
(0.064864598 0.0085425 0.075946686)
(0.064864598 0.01139 0.075946686)
(0.064864598 0.0142375 0.075946686)
(0.064864598 0.017085 0.075946686)
(0.064864598 0.0199325 0.075946686)
(0.064864598 0.02278 0.075946686)
(0.064864598 0.0256275 0.075946686)
(0.064864598 0.028475 0.075946686)
(0.064864598 0.0313225 0.075946686)
(0.064864598 0.03417 0.075946686)
(0.064864598 0.0370175 0.075946686)
(0.064864598 0.039865 0.075946686)
(0.064864598 0.0427125 0.075946686)
(0.064864598 0.04556 0.075946686)
(0.064864598 0.0484075 0.075946686)
(0.064864598 0.051255 0.075946686)
(0.064864598 0.0541025 0.075946686)
(0.064864598 0.05695 0.075946686)
(0.064864598 0.0597975 0.075946686)
(0.064864598 0.062645 0.075946686)
(0.064864598 0.0654925 0.075946686)
(0.064864598 0.06834 0.075946686)
(0.064864598 0.0711875 0.075946686)
(0.064864598 0.074035 0.075946686)
(0.064864598 0.0768825 0.075946686)
(0.064864598 0.07973 0.075946686)
(0.064864598 0.0825775 0.075946686)
(0.064864598 0.085425 0.075946686)
(0.064864598 0.0882725 0.075946686)
(0.064864598 0.09112 0.075946686)
(0.064864598 0.0939675 0.075946686)
(0.064864598 0.096815 0.075946686)
(0.064864598 0.0996625 0.075946686)
(0.064864598 0.10251 0.075946686)
(0.064864598 0.1053575 0.075946686)
(0.064864598 0.108205 0.075946686)
(0.064864598 0.1110525 0.075946686)
(0.07062335 0.0028475 0.07062335)
(0.07062335 0.005695 0.07062335)
(0.07062335 0.0085425 0.07062335)
(0.07062335 0.01139 0.07062335)
(0.07062335 0.0142375 0.07062335)
(0.07062335 0.017085 0.07062335)
(0.07062335 0.0199325 0.07062335)
(0.07062335 0.02278 0.07062335)
(0.07062335 0.0256275 0.07062335)
(0.07062335 0.028475 0.07062335)
(0.07062335 0.0313225 0.07062335)
(0.07062335 0.03417 0.07062335)
(0.07062335 0.0370175 0.07062335)
(0.07062335 0.039865 0.07062335)
(0.07062335 0.0427125 0.07062335)
(0.07062335 0.04556 0.07062335)
(0.07062335 0.0484075 0.07062335)
(0.07062335 0.051255 0.07062335)
(0.07062335 0.0541025 0.07062335)
(0.07062335 0.05695 0.07062335)
(0.07062335 0.0597975 0.07062335)
(0.07062335 0.062645 0.07062335)
(0.07062335 0.0654925 0.07062335)
(0.07062335 0.06834 0.07062335)
(0.07062335 0.0711875 0.07062335)
(0.07062335 0.074035 0.07062335)
(0.07062335 0.0768825 0.07062335)
(0.07062335 0.07973 0.07062335)
(0.07062335 0.0825775 0.07062335)
(0.07062335 0.085425 0.07062335)
(0.07062335 0.0882725 0.07062335)
(0.07062335 0.09112 0.07062335)
(0.07062335 0.0939675 0.07062335)
(0.07062335 0.096815 0.07062335)
(0.07062335 0.0996625 0.07062335)
(0.07062335 0.10251 0.07062335)
(0.07062335 0.1053575 0.07062335)
(0.07062335 0.108205 0.07062335)
(0.07062335 0.1110525 0.07062335)
(0.075946686 0.0028475 0.064864598)
(0.075946686 0.005695 0.064864598)
(0.075946686 0.0085425 0.064864598)
(0.075946686 0.01139 0.064864598)
(0.075946686 0.0142375 0.064864598)
(0.075946686 0.017085 0.064864598)
(0.075946686 0.0199325 0.064864598)
(0.075946686 0.02278 0.064864598)
(0.075946686 0.0256275 0.064864598)
(0.075946686 0.028475 0.064864598)
(0.075946686 0.0313225 0.064864598)
(0.075946686 0.03417 0.064864598)
(0.075946686 0.0370175 0.064864598)
(0.075946686 0.039865 0.064864598)
(0.075946686 0.0427125 0.064864598)
(0.075946686 0.04556 0.064864598)
(0.075946686 0.0484075 0.064864598)
(0.075946686 0.051255 0.064864598)
(0.075946686 0.0541025 0.064864598)
(0.075946686 0.05695 0.064864598)
(0.075946686 0.0597975 0.064864598)
(0.075946686 0.062645 0.064864598)
(0.075946686 0.0654925 0.064864598)
(0.075946686 0.06834 0.064864598)
(0.075946686 0.0711875 0.064864598)
(0.075946686 0.074035 0.064864598)
(0.075946686 0.0768825 0.064864598)
(0.075946686 0.07973 0.064864598)
(0.075946686 0.0825775 0.064864598)
(0.075946686 0.085425 0.064864598)
(0.075946686 0.0882725 0.064864598)
(0.075946686 0.09112 0.064864598)
(0.075946686 0.0939675 0.064864598)
(0.075946686 0.096815 0.064864598)
(0.075946686 0.0996625 0.064864598)
(0.075946686 0.10251 0.064864598)
(0.075946686 0.1053575 0.064864598)
(0.075946686 0.108205 0.064864598)
(0.075946686 0.1110525 0.064864598)
(0.080801786 0.0028475 0.058705934)
(0.080801786 0.005695 0.058705934)
(0.080801786 0.0085425 0.058705934)
(0.080801786 0.01139 0.058705934)
(0.080801786 0.0142375 0.058705934)
(0.080801786 0.017085 0.058705934)
(0.080801786 0.0199325 0.058705934)
(0.080801786 0.02278 0.058705934)
(0.080801786 0.0256275 0.058705934)
(0.080801786 0.028475 0.058705934)
(0.080801786 0.0313225 0.058705934)
(0.080801786 0.03417 0.058705934)
(0.080801786 0.0370175 0.058705934)
(0.080801786 0.039865 0.058705934)
(0.080801786 0.0427125 0.058705934)
(0.080801786 0.04556 0.058705934)
(0.080801786 0.0484075 0.058705934)
(0.080801786 0.051255 0.058705934)
(0.080801786 0.0541025 0.058705934)
(0.080801786 0.05695 0.058705934)
(0.080801786 0.0597975 0.058705934)
(0.080801786 0.062645 0.058705934)
(0.080801786 0.0654925 0.058705934)
(0.080801786 0.06834 0.058705934)
(0.080801786 0.0711875 0.058705934)
(0.080801786 0.074035 0.058705934)
(0.080801786 0.0768825 0.058705934)
(0.080801786 0.07973 0.058705934)
(0.080801786 0.0825775 0.058705934)
(0.080801786 0.085425 0.058705934)
(0.080801786 0.0882725 0.058705934)
(0.080801786 0.09112 0.058705934)
(0.080801786 0.0939675 0.058705934)
(0.080801786 0.096815 0.058705934)
(0.080801786 0.0996625 0.058705934)
(0.080801786 0.10251 0.058705934)
(0.080801786 0.1053575 0.058705934)
(0.080801786 0.108205 0.058705934)
(0.080801786 0.1110525 0.058705934)
(0.085158715 0.0028475 0.052185328)
(0.085158715 0.005695 0.052185328)
(0.085158715 0.0085425 0.052185328)
(0.085158715 0.01139 0.052185328)
(0.085158715 0.0142375 0.052185328)
(0.085158715 0.017085 0.052185328)
(0.085158715 0.0199325 0.052185328)
(0.085158715 0.02278 0.052185328)
(0.085158715 0.0256275 0.052185328)
(0.085158715 0.028475 0.052185328)
(0.085158715 0.0313225 0.052185328)
(0.085158715 0.03417 0.052185328)
(0.085158715 0.0370175 0.052185328)
(0.085158715 0.039865 0.052185328)
(0.085158715 0.0427125 0.052185328)
(0.085158715 0.04556 0.052185328)
(0.085158715 0.0484075 0.052185328)
(0.085158715 0.051255 0.052185328)
(0.085158715 0.0541025 0.052185328)
(0.085158715 0.05695 0.052185328)
(0.085158715 0.0597975 0.052185328)
(0.085158715 0.062645 0.052185328)
(0.085158715 0.0654925 0.052185328)
(0.085158715 0.06834 0.052185328)
(0.085158715 0.0711875 0.052185328)
(0.085158715 0.074035 0.052185328)
(0.085158715 0.0768825 0.052185328)
(0.085158715 0.07973 0.052185328)
(0.085158715 0.0825775 0.052185328)
(0.085158715 0.085425 0.052185328)
(0.085158715 0.0882725 0.052185328)
(0.085158715 0.09112 0.052185328)
(0.085158715 0.0939675 0.052185328)
(0.085158715 0.096815 0.052185328)
(0.085158715 0.0996625 0.052185328)
(0.085158715 0.10251 0.052185328)
(0.085158715 0.1053575 0.052185328)
(0.085158715 0.108205 0.052185328)
(0.085158715 0.1110525 0.052185328)
(0.088990613 0.0028475 0.045342982)
(0.088990613 0.005695 0.045342982)
(0.088990613 0.0085425 0.045342982)
(0.088990613 0.01139 0.045342982)
(0.088990613 0.0142375 0.045342982)
(0.088990613 0.017085 0.045342982)
(0.088990613 0.0199325 0.045342982)
(0.088990613 0.02278 0.045342982)
(0.088990613 0.0256275 0.045342982)
(0.088990613 0.028475 0.045342982)
(0.088990613 0.0313225 0.045342982)
(0.088990613 0.03417 0.045342982)
(0.088990613 0.0370175 0.045342982)
(0.088990613 0.039865 0.045342982)
(0.088990613 0.0427125 0.045342982)
(0.088990613 0.04556 0.045342982)
(0.088990613 0.0484075 0.045342982)
(0.088990613 0.051255 0.045342982)
(0.088990613 0.0541025 0.045342982)
(0.088990613 0.05695 0.045342982)
(0.088990613 0.0597975 0.045342982)
(0.088990613 0.062645 0.045342982)
(0.088990613 0.0654925 0.045342982)
(0.088990613 0.06834 0.045342982)
(0.088990613 0.0711875 0.045342982)
(0.088990613 0.074035 0.045342982)
(0.088990613 0.0768825 0.045342982)
(0.088990613 0.07973 0.045342982)
(0.088990613 0.0825775 0.045342982)
(0.088990613 0.085425 0.045342982)
(0.088990613 0.0882725 0.045342982)
(0.088990613 0.09112 0.045342982)
(0.088990613 0.0939675 0.045342982)
(0.088990613 0.096815 0.045342982)
(0.088990613 0.0996625 0.045342982)
(0.088990613 0.10251 0.045342982)
(0.088990613 0.1053575 0.045342982)
(0.088990613 0.108205 0.045342982)
(0.088990613 0.1110525 0.045342982)
(0.092273854 0.0028475 0.038221082)
(0.092273854 0.005695 0.038221082)
(0.092273854 0.0085425 0.038221082)
(0.092273854 0.01139 0.038221082)
(0.092273854 0.0142375 0.038221082)
(0.092273854 0.017085 0.038221082)
(0.092273854 0.0199325 0.038221082)
(0.092273854 0.02278 0.038221082)
(0.092273854 0.0256275 0.038221082)
(0.092273854 0.028475 0.038221082)
(0.092273854 0.0313225 0.038221082)
(0.092273854 0.03417 0.038221082)
(0.092273854 0.0370175 0.038221082)
(0.092273854 0.039865 0.038221082)
(0.092273854 0.0427125 0.038221082)
(0.092273854 0.04556 0.038221082)
(0.092273854 0.0484075 0.038221082)
(0.092273854 0.051255 0.038221082)
(0.092273854 0.0541025 0.038221082)
(0.092273854 0.05695 0.038221082)
(0.092273854 0.0597975 0.038221082)
(0.092273854 0.062645 0.038221082)
(0.092273854 0.0654925 0.038221082)
(0.092273854 0.06834 0.038221082)
(0.092273854 0.0711875 0.038221082)
(0.092273854 0.074035 0.038221082)
(0.092273854 0.0768825 0.038221082)
(0.092273854 0.07973 0.038221082)
(0.092273854 0.0825775 0.038221082)
(0.092273854 0.085425 0.038221082)
(0.092273854 0.0882725 0.038221082)
(0.092273854 0.09112 0.038221082)
(0.092273854 0.0939675 0.038221082)
(0.092273854 0.096815 0.038221082)
(0.092273854 0.0996625 0.038221082)
(0.092273854 0.10251 0.038221082)
(0.092273854 0.1053575 0.038221082)
(0.092273854 0.108205 0.038221082)
(0.092273854 0.1110525 0.038221082)
(0.094988196 0.0028475 0.030863536)
(0.094988196 0.005695 0.030863536)
(0.094988196 0.0085425 0.030863536)
(0.094988196 0.01139 0.030863536)
(0.094988196 0.0142375 0.030863536)
(0.094988196 0.017085 0.030863536)
(0.094988196 0.0199325 0.030863536)
(0.094988196 0.02278 0.030863536)
(0.094988196 0.0256275 0.030863536)
(0.094988196 0.028475 0.030863536)
(0.094988196 0.0313225 0.030863536)
(0.094988196 0.03417 0.030863536)
(0.094988196 0.0370175 0.030863536)
(0.094988196 0.039865 0.030863536)
(0.094988196 0.0427125 0.030863536)
(0.094988196 0.04556 0.030863536)
(0.094988196 0.0484075 0.030863536)
(0.094988196 0.051255 0.030863536)
(0.094988196 0.0541025 0.030863536)
(0.094988196 0.05695 0.030863536)
(0.094988196 0.0597975 0.030863536)
(0.094988196 0.062645 0.030863536)
(0.094988196 0.0654925 0.030863536)
(0.094988196 0.06834 0.030863536)
(0.094988196 0.0711875 0.030863536)
(0.094988196 0.074035 0.030863536)
(0.094988196 0.0768825 0.030863536)
(0.094988196 0.07973 0.030863536)
(0.094988196 0.0825775 0.030863536)
(0.094988196 0.085425 0.030863536)
(0.094988196 0.0882725 0.030863536)
(0.094988196 0.09112 0.030863536)
(0.094988196 0.0939675 0.030863536)
(0.094988196 0.096815 0.030863536)
(0.094988196 0.0996625 0.030863536)
(0.094988196 0.10251 0.030863536)
(0.094988196 0.1053575 0.030863536)
(0.094988196 0.108205 0.030863536)
(0.094988196 0.1110525 0.030863536)
(0.097116904 0.0028475 0.023315706)
(0.097116904 0.005695 0.023315706)
(0.097116904 0.0085425 0.023315706)
(0.097116904 0.01139 0.023315706)
(0.097116904 0.0142375 0.023315706)
(0.097116904 0.017085 0.023315706)
(0.097116904 0.0199325 0.023315706)
(0.097116904 0.02278 0.023315706)
(0.097116904 0.0256275 0.023315706)
(0.097116904 0.028475 0.023315706)
(0.097116904 0.0313225 0.023315706)
(0.097116904 0.03417 0.023315706)
(0.097116904 0.0370175 0.023315706)
(0.097116904 0.039865 0.023315706)
(0.097116904 0.0427125 0.023315706)
(0.097116904 0.04556 0.023315706)
(0.097116904 0.0484075 0.023315706)
(0.097116904 0.051255 0.023315706)
(0.097116904 0.0541025 0.023315706)
(0.097116904 0.05695 0.023315706)
(0.097116904 0.0597975 0.023315706)
(0.097116904 0.062645 0.023315706)
(0.097116904 0.0654925 0.023315706)
(0.097116904 0.06834 0.023315706)
(0.097116904 0.0711875 0.023315706)
(0.097116904 0.074035 0.023315706)
(0.097116904 0.0768825 0.023315706)
(0.097116904 0.07973 0.023315706)
(0.097116904 0.0825775 0.023315706)
(0.097116904 0.085425 0.023315706)
(0.097116904 0.0882725 0.023315706)
(0.097116904 0.09112 0.023315706)
(0.097116904 0.0939675 0.023315706)
(0.097116904 0.096815 0.023315706)
(0.097116904 0.0996625 0.023315706)
(0.097116904 0.10251 0.023315706)
(0.097116904 0.1053575 0.023315706)
(0.097116904 0.108205 0.023315706)
(0.097116904 0.1110525 0.023315706)
(0.098646855 0.0028475 0.015624127)
(0.098646855 0.005695 0.015624127)
(0.098646855 0.0085425 0.015624127)
(0.098646855 0.01139 0.015624127)
(0.098646855 0.0142375 0.015624127)
(0.098646855 0.017085 0.015624127)
(0.098646855 0.0199325 0.015624127)
(0.098646855 0.02278 0.015624127)
(0.098646855 0.0256275 0.015624127)
(0.098646855 0.028475 0.015624127)
(0.098646855 0.0313225 0.015624127)
(0.098646855 0.03417 0.015624127)
(0.098646855 0.0370175 0.015624127)
(0.098646855 0.039865 0.015624127)
(0.098646855 0.0427125 0.015624127)
(0.098646855 0.04556 0.015624127)
(0.098646855 0.0484075 0.015624127)
(0.098646855 0.051255 0.015624127)
(0.098646855 0.0541025 0.015624127)
(0.098646855 0.05695 0.015624127)
(0.098646855 0.0597975 0.015624127)
(0.098646855 0.062645 0.015624127)
(0.098646855 0.0654925 0.015624127)
(0.098646855 0.06834 0.015624127)
(0.098646855 0.0711875 0.015624127)
(0.098646855 0.074035 0.015624127)
(0.098646855 0.0768825 0.015624127)
(0.098646855 0.07973 0.015624127)
(0.098646855 0.0825775 0.015624127)
(0.098646855 0.085425 0.015624127)
(0.098646855 0.0882725 0.015624127)
(0.098646855 0.09112 0.015624127)
(0.098646855 0.0939675 0.015624127)
(0.098646855 0.096815 0.015624127)
(0.098646855 0.0996625 0.015624127)
(0.098646855 0.10251 0.015624127)
(0.098646855 0.1053575 0.015624127)
(0.098646855 0.108205 0.015624127)
(0.098646855 0.1110525 0.015624127)
(0.099568614 0.0028475 0.0078362199)
(0.099568614 0.005695 0.0078362199)
(0.099568614 0.0085425 0.0078362199)
(0.099568614 0.01139 0.0078362199)
(0.099568614 0.0142375 0.0078362199)
(0.099568614 0.017085 0.0078362199)
(0.099568614 0.0199325 0.0078362199)
(0.099568614 0.02278 0.0078362199)
(0.099568614 0.0256275 0.0078362199)
(0.099568614 0.028475 0.0078362199)
(0.099568614 0.0313225 0.0078362199)
(0.099568614 0.03417 0.0078362199)
(0.099568614 0.0370175 0.0078362199)
(0.099568614 0.039865 0.0078362199)
(0.099568614 0.0427125 0.0078362199)
(0.099568614 0.04556 0.0078362199)
(0.099568614 0.0484075 0.0078362199)
(0.099568614 0.051255 0.0078362199)
(0.099568614 0.0541025 0.0078362199)
(0.099568614 0.05695 0.0078362199)
(0.099568614 0.0597975 0.0078362199)
(0.099568614 0.062645 0.0078362199)
(0.099568614 0.0654925 0.0078362199)
(0.099568614 0.06834 0.0078362199)
(0.099568614 0.0711875 0.0078362199)
(0.099568614 0.074035 0.0078362199)
(0.099568614 0.0768825 0.0078362199)
(0.099568614 0.07973 0.0078362199)
(0.099568614 0.0825775 0.0078362199)
(0.099568614 0.085425 0.0078362199)
(0.099568614 0.0882725 0.0078362199)
(0.099568614 0.09112 0.0078362199)
(0.099568614 0.0939675 0.0078362199)
(0.099568614 0.096815 0.0078362199)
(0.099568614 0.0996625 0.0078362199)
(0.099568614 0.10251 0.0078362199)
(0.099568614 0.1053575 0.0078362199)
(0.099568614 0.108205 0.0078362199)
(0.099568614 0.1110525 0.0078362199)
)


// ************************************************************************* //
